idx	label	predict	radius	correct	time
0	3	3	0.379	1	0:00:10.946859
20	7	-1	0.0	0	0:00:08.425633
40	4	4	0.341	1	0:00:08.437158
60	7	7	0.935	1	0:00:08.440376
80	8	8	0.73	1	0:00:08.427721
100	4	-1	0.0	0	0:00:08.427896
120	8	8	0.163	1	0:00:08.429419
140	6	6	0.204	1	0:00:08.446561
160	2	2	0.544	1	0:00:08.455359
180	0	0	0.552	1	0:00:08.440167
200	5	5	0.312	1	0:00:08.450604
220	7	7	0.133	1	0:00:08.461930
240	1	1	0.953	1	0:00:08.461177
260	8	8	0.558	1	0:00:08.465247
280	9	9	0.28	1	0:00:08.461695
300	6	6	0.953	1	0:00:08.462578
320	3	3	0.225	1	0:00:08.468735
340	2	4	0.153	0	0:00:08.490869
360	9	9	0.611	1	0:00:08.475126
380	6	6	0.443	1	0:00:08.505589
400	9	9	0.754	1	0:00:08.480181
420	4	4	0.692	1	0:00:08.478701
440	1	1	0.7	1	0:00:08.478189
460	5	5	0.621	1	0:00:08.501199
480	8	9	0.211	0	0:00:08.488532
500	4	-1	0.0	0	0:00:08.474535
520	5	5	0.628	1	0:00:08.481328
540	1	1	0.732	1	0:00:08.474181
560	0	0	0.953	1	0:00:08.471889
580	4	4	0.314	1	0:00:08.480470
600	8	8	0.458	1	0:00:08.476869
620	7	7	0.837	1	0:00:08.475656
640	5	3	0.701	0	0:00:08.477223
660	9	9	0.407	1	0:00:08.476284
680	9	9	0.439	1	0:00:08.475141
700	7	7	0.953	1	0:00:08.475781
720	4	4	0.231	1	0:00:08.479167
740	2	5	0.506	0	0:00:08.476659
760	3	3	0.235	1	0:00:08.475825
780	9	9	0.913	1	0:00:08.474445
800	7	7	0.953	1	0:00:08.477747
820	6	6	0.254	1	0:00:08.484465
840	7	7	0.953	1	0:00:08.489951
860	4	4	0.0831	1	0:00:08.484367
880	8	8	0.892	1	0:00:08.492882
900	2	6	0.0308	0	0:00:08.488932
920	6	6	0.417	1	0:00:08.487255
940	9	9	0.762	1	0:00:08.488559
960	9	9	0.243	1	0:00:08.489017
980	2	2	0.0546	1	0:00:08.490134
1000	5	5	0.953	1	0:00:08.489938
1020	1	1	0.873	1	0:00:08.491916
1040	7	5	0.168	0	0:00:08.487385
1060	9	9	0.953	1	0:00:08.485429
1080	6	6	0.408	1	0:00:08.487581
1100	7	0	0.0625	0	0:00:08.490124
1120	5	2	0.0407	0	0:00:08.486039
1140	6	6	0.257	1	0:00:08.490595
1160	8	8	0.626	1	0:00:08.486232
1180	3	3	0.556	1	0:00:08.491133
1200	8	8	0.516	1	0:00:08.489388
1220	9	6	0.0581	0	0:00:08.491612
1240	2	6	0.194	0	0:00:08.490166
1260	1	1	0.0124	1	0:00:08.486817
1280	3	3	0.301	1	0:00:08.488076
1300	4	3	0.345	0	0:00:08.496247
1320	7	7	0.509	1	0:00:08.489704
1340	1	1	0.645	1	0:00:08.489403
1360	7	7	0.323	1	0:00:08.490143
1380	4	4	0.1	1	0:00:08.487240
1400	5	-1	0.0	0	0:00:08.485671
1420	4	4	0.166	1	0:00:08.488360
1440	0	0	0.323	1	0:00:08.488080
1460	6	6	0.844	1	0:00:08.489253
1480	1	1	0.257	1	0:00:08.490371
1500	1	1	0.725	1	0:00:08.487561
1520	7	7	0.516	1	0:00:08.530524
1540	8	8	0.865	1	0:00:08.533241
1560	7	7	0.953	1	0:00:08.493006
1580	6	-1	0.0	0	0:00:08.478414
1600	8	-1	0.0	0	0:00:08.488105
1620	5	-1	0.0	0	0:00:08.490712
1640	7	-1	0.0	0	0:00:08.489738
1660	3	3	0.368	1	0:00:08.487884
1680	6	6	0.475	1	0:00:08.490592
1700	5	5	0.0635	1	0:00:08.489619
1720	4	4	0.577	1	0:00:08.492876
1740	1	1	0.474	1	0:00:08.540089
1760	0	0	0.676	1	0:00:08.525509
1780	7	7	0.659	1	0:00:08.519150
1800	4	4	0.443	1	0:00:08.505702
1820	8	8	0.78	1	0:00:08.523145
1840	8	-1	0.0	0	0:00:08.506275
1860	8	8	0.953	1	0:00:08.503573
1880	1	1	0.953	1	0:00:08.500260
1900	8	8	0.922	1	0:00:08.497759
1920	2	2	0.953	1	0:00:08.503398
1940	5	5	0.264	1	0:00:08.503785
1960	2	2	0.0195	1	0:00:08.500214
1980	9	9	0.721	1	0:00:08.498859
2000	1	1	0.73	1	0:00:08.498948
2020	9	9	0.935	1	0:00:08.498309
2040	0	0	0.913	1	0:00:08.497087
2060	5	3	0.538	0	0:00:08.496264
2080	1	9	0.136	0	0:00:08.495361
2100	2	2	0.479	1	0:00:08.500291
2120	4	8	0.0893	0	0:00:08.501586
2140	9	9	0.953	1	0:00:08.502639
2160	0	0	0.394	1	0:00:08.504302
2180	4	4	0.556	1	0:00:08.513011
2200	0	0	0.226	1	0:00:08.507722
2220	1	1	0.953	1	0:00:08.501754
2240	9	9	0.265	1	0:00:08.502881
2260	4	4	0.656	1	0:00:08.506437
2280	4	4	0.143	1	0:00:08.500776
2300	3	3	0.018	1	0:00:08.509571
2320	5	2	0.654	0	0:00:08.505072
2340	7	7	0.953	1	0:00:08.502914
2360	7	7	0.0194	1	0:00:08.503257
2380	8	8	0.72	1	0:00:08.526561
2400	0	0	0.953	1	0:00:08.511940
2420	8	8	0.0535	1	0:00:08.504036
2440	7	7	0.953	1	0:00:08.498639
2460	9	9	0.106	1	0:00:08.505145
2480	8	8	0.825	1	0:00:08.516477
2500	4	4	0.108	1	0:00:08.501536
2520	1	1	0.144	1	0:00:08.501713
2540	2	6	0.119	0	0:00:08.504616
2560	7	7	0.313	1	0:00:08.504301
2580	6	5	0.0483	0	0:00:08.503267
2600	8	8	0.892	1	0:00:08.503211
2620	1	1	0.649	1	0:00:08.502518
2640	7	7	0.935	1	0:00:08.506452
2660	3	-1	0.0	0	0:00:08.505590
2680	0	0	0.953	1	0:00:08.504453
2700	9	9	0.015	1	0:00:08.505710
2720	3	3	0.486	1	0:00:08.504066
2740	1	1	0.163	1	0:00:08.499454
2760	2	2	0.419	1	0:00:08.498286
2780	7	7	0.873	1	0:00:08.504780
2800	4	4	0.374	1	0:00:08.503725
2820	6	6	0.935	1	0:00:08.518447
2840	3	3	0.953	1	0:00:08.499400
2860	5	4	0.278	0	0:00:08.499748
2880	4	4	0.799	1	0:00:08.500339
2900	3	7	0.127	0	0:00:08.517678
2920	2	3	0.0212	0	0:00:08.526838
2940	3	0	0.803	0	0:00:08.505226
2960	9	0	0.155	0	0:00:08.506279
2980	8	8	0.458	1	0:00:08.507943
3000	5	5	0.794	1	0:00:08.498543
3020	1	1	0.567	1	0:00:08.510740
3040	7	7	0.953	1	0:00:08.505884
3060	7	7	0.811	1	0:00:08.498974
3080	1	1	0.0742	1	0:00:08.501335
3100	0	0	0.613	1	0:00:08.500532
3120	4	4	0.138	1	0:00:08.514902
3140	8	8	0.588	1	0:00:08.502034
3160	6	2	0.112	0	0:00:08.514502
3180	3	3	0.0918	1	0:00:08.503009
3200	5	5	0.577	1	0:00:08.499119
3220	3	9	0.124	0	0:00:08.515398
3240	4	-1	0.0	0	0:00:08.506704
3260	7	7	0.515	1	0:00:08.501276
3280	3	5	0.0816	0	0:00:08.500641
3300	4	4	0.284	1	0:00:08.502545
3320	2	7	0.336	0	0:00:08.508291
3340	6	6	0.522	1	0:00:08.516141
3360	4	4	0.441	1	0:00:08.509990
3380	8	8	0.953	1	0:00:08.501370
3400	6	4	0.483	0	0:00:08.501237
3420	5	-1	0.0	0	0:00:08.499257
3440	2	3	0.646	0	0:00:08.522548
3460	1	1	0.953	1	0:00:08.517807
3480	2	2	0.953	1	0:00:08.508957
3500	1	1	0.115	1	0:00:08.509675
3520	1	1	0.953	1	0:00:08.502259
3540	6	6	0.738	1	0:00:08.506741
3560	1	-1	0.0	0	0:00:08.506161
3580	4	4	0.227	1	0:00:08.518836
3600	4	2	0.468	0	0:00:08.500394
3620	0	0	0.305	1	0:00:08.522870
3640	6	6	0.0864	1	0:00:08.509039
3660	0	0	0.505	1	0:00:08.497677
3680	0	0	0.0725	1	0:00:08.499847
3700	3	3	0.747	1	0:00:08.498362
3720	2	2	0.953	1	0:00:08.495051
3740	0	0	0.953	1	0:00:08.501797
3760	7	7	0.935	1	0:00:08.501816
3780	4	4	0.347	1	0:00:08.504311
3800	9	9	0.707	1	0:00:08.502055
3820	0	0	0.129	1	0:00:08.501677
3840	6	3	0.0021	0	0:00:08.498406
3860	7	7	0.953	1	0:00:08.512717
3880	6	6	0.288	1	0:00:08.499394
3900	3	3	0.0855	1	0:00:08.502867
3920	7	7	0.27	1	0:00:08.504578
3940	6	-1	0.0	0	0:00:08.497598
3960	2	2	0.793	1	0:00:08.515147
3980	9	9	0.162	1	0:00:08.502156
4000	8	-1	0.0	0	0:00:08.508677
4020	8	8	0.485	1	0:00:08.500105
4040	0	0	0.886	1	0:00:08.498868
4060	6	6	0.551	1	0:00:08.496264
4080	1	1	0.953	1	0:00:08.496936
4100	7	7	0.953	1	0:00:08.498319
4120	4	4	0.913	1	0:00:08.499633
4140	5	5	0.687	1	0:00:08.497841
4160	5	-1	0.0	0	0:00:08.497762
4180	0	8	0.155	0	0:00:08.500780
4200	4	4	0.179	1	0:00:08.501962
4220	4	0	0.109	0	0:00:08.499215
4240	7	7	0.0463	1	0:00:08.500828
4260	8	8	0.913	1	0:00:08.500695
4280	8	0	0.396	0	0:00:08.499818
4300	8	8	0.617	1	0:00:08.502414
4320	1	-1	0.0	0	0:00:08.511409
4340	0	0	0.898	1	0:00:08.500564
4360	6	6	0.886	1	0:00:08.504698
4380	9	9	0.641	1	0:00:08.499696
4400	3	-1	0.0	0	0:00:08.505249
4420	5	5	0.467	1	0:00:08.509277
4440	2	2	0.208	1	0:00:08.505141
4460	9	9	0.685	1	0:00:08.498609
4480	9	9	0.953	1	0:00:08.500150
4500	3	5	0.0372	0	0:00:08.506685
4520	3	3	0.171	1	0:00:08.497069
4540	9	9	0.792	1	0:00:08.506482
4560	1	1	0.953	1	0:00:08.510813
4580	6	6	0.411	1	0:00:08.501101
4600	4	4	0.51	1	0:00:08.502464
4620	7	7	0.126	1	0:00:08.497333
4640	2	2	0.338	1	0:00:08.503244
4660	7	-1	0.0	0	0:00:08.505566
4680	9	9	0.608	1	0:00:08.499067
4700	6	5	0.176	0	0:00:08.501475
4720	8	8	0.3	1	0:00:08.498785
4740	5	3	0.146	0	0:00:08.503908
4760	3	2	0.437	0	0:00:08.508197
4780	0	0	0.591	1	0:00:08.500140
4800	9	9	0.953	1	0:00:08.497572
4820	3	3	0.468	1	0:00:08.499348
4840	0	0	0.953	1	0:00:08.497357
4860	5	5	0.953	1	0:00:08.503826
4880	0	8	0.179	0	0:00:08.501707
4900	3	3	0.652	1	0:00:08.519793
4920	7	7	0.953	1	0:00:08.517928
4940	6	6	0.376	1	0:00:08.501838
4960	4	4	0.319	1	0:00:08.503067
4980	1	9	0.478	0	0:00:08.500651
5000	7	7	0.953	1	0:00:08.500715
5020	8	8	0.757	1	0:00:08.519345
5040	3	3	0.337	1	0:00:08.501155
5060	6	6	0.256	1	0:00:08.500957
5080	7	7	0.732	1	0:00:08.502326
5100	3	3	0.726	1	0:00:08.515224
5120	9	9	0.318	1	0:00:08.503385
5140	8	8	0.768	1	0:00:08.503144
5160	0	0	0.669	1	0:00:08.498742
5180	9	9	0.0108	1	0:00:08.502263
5200	3	3	0.67	1	0:00:08.504366
5220	0	0	0.425	1	0:00:08.501040
5240	1	1	0.425	1	0:00:08.505350
5260	0	0	0.953	1	0:00:08.506069
5280	0	-1	0.0	0	0:00:08.497665
5300	9	9	0.746	1	0:00:08.500360
5320	7	7	0.444	1	0:00:08.502453
5340	3	4	0.134	0	0:00:08.497940
5360	9	9	0.788	1	0:00:08.497357
5380	1	9	0.266	0	0:00:08.497166
5400	9	9	0.788	1	0:00:08.496495
5420	6	6	0.827	1	0:00:08.495547
5440	9	9	0.953	1	0:00:08.496856
5460	0	0	0.953	1	0:00:08.497963
5480	1	1	0.64	1	0:00:08.506784
5500	8	8	0.335	1	0:00:08.503373
5520	4	4	0.281	1	0:00:08.499521
5540	5	5	0.103	1	0:00:08.515145
5560	3	5	0.293	0	0:00:08.505365
5580	5	-1	0.0	0	0:00:08.498906
5600	6	6	0.188	1	0:00:08.497564
5620	3	-1	0.0	0	0:00:08.499891
5640	2	5	0.052	0	0:00:08.502370
5660	9	9	0.162	1	0:00:08.499479
5680	2	3	0.155	0	0:00:08.503587
5700	3	3	0.65	1	0:00:08.503963
5720	9	9	0.953	1	0:00:08.497056
5740	6	6	0.319	1	0:00:08.498187
5760	2	2	0.263	1	0:00:08.498545
5780	7	7	0.953	1	0:00:08.504528
5800	2	2	0.521	1	0:00:08.498292
5820	5	5	0.431	1	0:00:08.499017
5840	2	2	0.321	1	0:00:08.516660
5860	0	0	0.516	1	0:00:08.513800
5880	0	0	0.877	1	0:00:08.503452
5900	4	3	0.0475	0	0:00:08.500835
5920	8	8	0.953	1	0:00:08.505417
5940	7	7	0.0783	1	0:00:08.504034
5960	2	6	0.222	0	0:00:08.521395
5980	9	9	0.935	1	0:00:08.499118
6000	8	8	0.477	1	0:00:08.502099
6020	6	6	0.637	1	0:00:08.499796
6040	2	-1	0.0	0	0:00:08.498640
6060	3	4	0.0703	0	0:00:08.503585
6080	1	1	0.584	1	0:00:08.510218
6100	1	1	0.953	1	0:00:08.499974
6120	5	5	0.535	1	0:00:08.499505
6140	9	9	0.607	1	0:00:08.504031
6160	2	-1	0.0	0	0:00:08.501544
6180	0	0	0.387	1	0:00:08.498473
6200	3	3	0.0474	1	0:00:08.500851
6220	2	-1	0.0	0	0:00:08.497086
6240	2	2	0.412	1	0:00:08.508484
6260	2	2	0.177	1	0:00:08.504647
6280	8	-1	0.0	0	0:00:08.499979
6300	1	1	0.747	1	0:00:08.502474
6320	0	0	0.368	1	0:00:08.507263
6340	3	3	0.176	1	0:00:08.505413
6360	2	2	0.247	1	0:00:08.517633
6380	3	-1	0.0	0	0:00:08.514330
6400	0	0	0.537	1	0:00:08.497448
6420	7	7	0.935	1	0:00:08.500634
6440	3	3	0.1	1	0:00:08.501128
6460	3	3	0.715	1	0:00:08.524474
6480	0	0	0.559	1	0:00:08.502830
6500	7	-1	0.0	0	0:00:08.504023
6520	6	6	0.186	1	0:00:08.502150
6540	8	8	0.447	1	0:00:08.516707
6560	6	6	0.0875	1	0:00:08.501380
6580	1	1	0.115	1	0:00:08.501777
6600	7	7	0.953	1	0:00:08.501182
6620	7	7	0.953	1	0:00:08.504048
6640	5	3	0.499	0	0:00:08.502223
6660	0	0	0.736	1	0:00:08.521365
6680	3	5	0.268	0	0:00:08.503803
6700	6	6	0.858	1	0:00:08.511157
6720	2	2	0.303	1	0:00:08.500737
6740	2	2	0.0922	1	0:00:08.504325
6760	5	5	0.935	1	0:00:08.531340
6780	7	7	0.953	1	0:00:08.521214
6800	6	-1	0.0	0	0:00:08.504023
6820	1	1	0.877	1	0:00:08.501219
6840	9	9	0.749	1	0:00:08.502452
6860	0	0	0.613	1	0:00:08.510487
6880	2	2	0.572	1	0:00:08.502700
6900	3	3	0.618	1	0:00:08.502211
6920	5	4	0.199	0	0:00:08.508110
6940	1	1	0.953	1	0:00:08.503996
6960	9	9	0.399	1	0:00:08.504732
6980	0	0	0.377	1	0:00:08.498377
7000	2	0	0.0732	0	0:00:08.499427
7020	7	7	0.953	1	0:00:08.510631
7040	7	-1	0.0	0	0:00:08.504262
7060	8	8	0.905	1	0:00:08.506730
7080	5	4	0.173	0	0:00:08.511377
7100	9	3	0.347	0	0:00:08.498831
7120	7	7	0.312	1	0:00:08.502994
7140	4	4	0.146	1	0:00:08.503640
7160	5	5	0.682	1	0:00:08.501088
7180	6	6	0.438	1	0:00:08.496808
7200	4	4	0.106	1	0:00:08.510688
7220	9	9	0.664	1	0:00:08.564532
7240	0	0	0.412	1	0:00:08.509313
7260	1	1	0.755	1	0:00:08.519258
7280	1	1	0.231	1	0:00:08.507847
7300	3	5	0.0328	0	0:00:08.514801
7320	8	0	0.104	0	0:00:08.507026
7340	2	2	0.234	1	0:00:08.516309
7360	2	2	0.323	1	0:00:08.506519
7380	7	7	0.844	1	0:00:08.503839
7400	3	5	0.369	0	0:00:08.506229
7420	3	4	0.186	0	0:00:08.502321
7440	3	3	0.693	1	0:00:08.512252
7460	5	5	0.935	1	0:00:08.508092
7480	1	1	0.466	1	0:00:08.504819
7500	6	6	0.953	1	0:00:08.502935
7520	4	4	0.363	1	0:00:08.502329
7540	5	5	0.935	1	0:00:08.504053
7560	0	0	0.369	1	0:00:08.505469
7580	8	8	0.935	1	0:00:08.500942
7600	8	2	0.0617	0	0:00:08.503255
7620	5	3	0.1	0	0:00:08.503445
7640	9	9	0.113	1	0:00:08.504289
7660	7	7	0.424	1	0:00:08.505435
7680	3	5	0.0635	0	0:00:08.503713
7700	6	6	0.953	1	0:00:08.503512
7720	5	2	0.00358	0	0:00:08.506877
7740	4	4	0.301	1	0:00:08.510643
7760	2	0	0.14	0	0:00:08.502817
7780	3	-1	0.0	0	0:00:08.499311
7800	0	0	0.596	1	0:00:08.497601
7820	5	5	0.179	1	0:00:08.503067
7840	1	1	0.953	1	0:00:08.518440
7860	8	8	0.746	1	0:00:08.516140
7880	0	0	0.643	1	0:00:08.522038
7900	0	-1	0.0	0	0:00:08.505627
7920	9	9	0.844	1	0:00:08.503653
7940	2	2	0.0544	1	0:00:08.509864
7960	0	0	0.139	1	0:00:08.505259
7980	3	3	0.323	1	0:00:08.504186
8000	9	9	0.73	1	0:00:08.500965
8020	6	3	0.0221	0	0:00:08.511295
8040	2	2	0.702	1	0:00:08.512783
8060	6	6	0.771	1	0:00:08.504421
8080	4	4	0.233	1	0:00:08.498211
8100	6	2	0.0149	0	0:00:08.500914
8120	8	8	0.00459	1	0:00:08.497370
8140	5	7	0.0391	0	0:00:08.500664
8160	6	6	0.953	1	0:00:08.499989
8180	4	4	0.236	1	0:00:08.504021
8200	3	-1	0.0	0	0:00:08.519193
8220	6	5	0.0175	0	0:00:08.521784
8240	7	7	0.569	1	0:00:08.507040
8260	1	1	0.953	1	0:00:08.503403
8280	4	4	0.849	1	0:00:08.507331
8300	5	-1	0.0	0	0:00:08.509127
8320	7	7	0.267	1	0:00:08.502621
8340	5	5	0.101	1	0:00:08.499711
8360	7	7	0.953	1	0:00:08.504233
8380	9	9	0.953	1	0:00:08.502120
8400	0	0	0.168	1	0:00:08.506427
8420	3	6	0.565	0	0:00:08.508661
8440	5	5	0.138	1	0:00:08.501188
8460	8	8	0.777	1	0:00:08.507162
8480	2	2	0.362	1	0:00:08.504198
8500	4	4	0.641	1	0:00:08.521218
8520	8	8	0.413	1	0:00:08.506694
8540	4	4	0.00927	1	0:00:08.513336
8560	7	7	0.913	1	0:00:08.514596
8580	3	5	0.241	0	0:00:08.511928
8600	3	-1	0.0	0	0:00:08.499800
8620	3	-1	0.0	0	0:00:08.506756
8640	1	1	0.575	1	0:00:08.503753
8660	7	7	0.688	1	0:00:08.501005
8680	3	3	0.00441	1	0:00:08.501506
8700	3	3	0.549	1	0:00:08.503765
8720	2	0	0.881	0	0:00:08.507645
8740	2	2	0.249	1	0:00:08.502566
8760	8	8	0.953	1	0:00:08.556412
8780	4	4	0.253	1	0:00:08.512343
8800	0	0	0.953	1	0:00:08.513788
8820	2	2	0.953	1	0:00:08.511173
8840	2	2	0.131	1	0:00:08.526999
8860	2	2	0.922	1	0:00:08.513661
8880	1	1	0.783	1	0:00:08.515411
8900	2	4	0.189	0	0:00:08.504569
8920	6	6	0.561	1	0:00:08.531891
8940	6	3	0.392	0	0:00:08.528531
8960	0	0	0.0603	1	0:00:08.502139
8980	9	9	0.935	1	0:00:08.502300
9000	8	8	0.953	1	0:00:08.498517
9020	7	7	0.803	1	0:00:08.505079
9040	2	5	0.717	0	0:00:08.503514
9060	9	9	0.464	1	0:00:08.500508
9080	3	3	0.181	1	0:00:08.501493
9100	9	1	0.232	0	0:00:08.499107
9120	3	-1	0.0	0	0:00:08.518362
9140	7	7	0.454	1	0:00:08.513452
9160	5	3	0.19	0	0:00:08.502529
9180	5	5	0.953	1	0:00:08.514069
9200	8	8	0.819	1	0:00:08.508948
9220	8	8	0.825	1	0:00:08.500206
9240	8	8	0.472	1	0:00:08.503887
9260	5	5	0.319	1	0:00:08.525428
9280	9	8	0.0553	0	0:00:08.520433
9300	5	-1	0.0	0	0:00:08.512096
9320	9	9	0.886	1	0:00:08.501087
9340	1	1	0.953	1	0:00:08.505813
9360	5	0	0.117	0	0:00:08.503778
9380	5	3	0.0584	0	0:00:08.502864
9400	6	6	0.922	1	0:00:08.514982
9420	5	5	0.777	1	0:00:08.505005
9440	8	8	0.572	1	0:00:08.498108
9460	3	3	0.139	1	0:00:08.501086
9480	2	2	0.178	1	0:00:08.497055
9500	9	9	0.637	1	0:00:08.503648
9520	1	1	0.724	1	0:00:08.516310
9540	5	5	0.647	1	0:00:08.521901
9560	9	7	0.124	0	0:00:08.514190
9580	1	1	0.953	1	0:00:08.508959
9600	8	8	0.32	1	0:00:08.500232
9620	4	4	0.353	1	0:00:08.508122
9640	5	5	0.354	1	0:00:08.505135
9660	6	6	0.873	1	0:00:08.501822
9680	8	8	0.835	1	0:00:08.506938
9700	0	0	0.704	1	0:00:08.505162
9720	8	-1	0.0	0	0:00:08.503209
9740	3	6	0.219	0	0:00:08.500926
9760	9	-1	0.0	0	0:00:08.498716
9780	4	4	0.191	1	0:00:08.501044
9800	1	1	0.953	1	0:00:08.504422
9820	0	8	0.0361	0	0:00:08.499992
9840	4	7	0.558	0	0:00:08.511904
9860	0	-1	0.0	0	0:00:08.504167
9880	7	7	0.0743	1	0:00:08.519576
9900	8	8	0.922	1	0:00:08.503831
9920	6	6	0.953	1	0:00:08.497622
9940	4	4	0.0437	1	0:00:08.501307
9960	2	0	0.886	0	0:00:08.498059
9980	0	0	0.953	1	0:00:08.505842
