idx	label	predict	radius	nA	pAPrime	pABar	correct	time	distance	budget
0	3	3	0.736	93209	0.932	0.93	1	0:00:25.862592	0.489	0.247
20	7	7	0.717	92689	0.927	0.924	1	0:00:18.614069	0.408	0.309
40	4	4	0.554	86953	0.87	0.866	1	0:00:20.396872	0.31	0.244
60	7	7	1.87	99999	1.0	1.0	1	0:00:21.476906	1.21	0.66
80	8	8	1.7	99983	1.0	1.0	1	0:00:20.014073	1.2	0.499
100	4	-1	0.0	34623	0.346	0.342	0	0:00:16.065298
120	8	8	0.383	78237	0.782	0.778	1	0:00:20.558134	0.222	0.161
140	6	6	0.62	89553	0.896	0.893	1	0:00:20.905961	0.366	0.254
160	2	2	0.474	83229	0.832	0.829	1	0:00:19.568816	0.273	0.201
180	0	0	1.44	99843	0.998	0.998	1	0:00:20.366606	0.942	0.497
200	5	5	0.469	82955	0.83	0.826	1	0:00:20.457515	0.279	0.19
220	7	7	1.91	100000	1.0	1.0	1	0:00:20.247140	1.36	0.546
240	1	1	1.91	100000	1.0	1.0	1	0:00:20.434341	1.86	0.0357
260	8	8	0.0115	51408	0.514	0.509	1	0:00:19.754682	0.00632	0.0052
280	9	9	1.65	99973	1.0	1.0	1	0:00:20.409529	1.04	0.613
300	6	6	1.19	99218	0.992	0.991	1	0:00:20.279446	0.678	0.511
320	3	3	0.91	96734	0.967	0.966	1	0:00:19.856834	0.593	0.317
340	2	4	0.171	63843	0.638	0.634	0	0:00:16.383978
360	9	9	0.54	86317	0.863	0.86	1	0:00:19.490921	0.3	0.24
380	6	6	0.714	92599	0.926	0.923	1	0:00:19.255897	0.449	0.265
400	9	9	1.69	99981	1.0	1.0	1	0:00:21.246783	1.16	0.528
420	4	4	1.31	99622	0.996	0.996	1	0:00:19.745673	0.8	0.509
440	1	1	0.792	94557	0.946	0.943	1	0:00:20.225055	0.443	0.349
460	5	5	1.77	99993	1.0	1.0	1	0:00:20.737769	1.13	0.643
480	8	9	0.558	87105	0.871	0.868	0	0:00:15.522712
500	4	6	0.375	77733	0.777	0.773	0	0:00:14.372129
520	5	5	0.557	87064	0.871	0.867	1	0:00:20.592286	0.318	0.239
540	1	1	1.18	99157	0.992	0.991	1	0:00:20.407871	0.683	0.491
560	0	0	1.91	100000	1.0	1.0	1	0:00:20.352691	1.36	0.546
580	4	4	0.814	95038	0.95	0.948	1	0:00:20.385935	0.504	0.31
600	8	8	1.73	99988	1.0	1.0	1	0:00:21.224881	1.14	0.59
620	7	7	0.84	95552	0.956	0.953	1	0:00:20.611742	0.48	0.36
640	5	3	0.923	96931	0.969	0.968	0	0:00:15.569599
660	9	9	1.29	99578	0.996	0.995	1	0:00:20.217041	0.826	0.463
680	9	9	0.184	64836	0.648	0.644	1	0:00:21.300844	0.111	0.0732
700	7	7	1.37	99742	0.997	0.997	1	0:00:20.234946	0.789	0.579
720	4	-1	0.0	38624	0.386	0.381	0	0:00:15.492699
740	2	3	0.0558	54933	0.549	0.544	0	0:00:16.229863
760	3	3	0.311	73766	0.738	0.733	1	0:00:20.443194	0.186	0.125
780	9	9	0.633	90017	0.9	0.897	1	0:00:19.748637	0.359	0.274
800	7	7	1.91	100000	1.0	1.0	1	0:00:20.159393	1.84	0.0657
820	6	-1	0.0	44139	0.441	0.437	0	0:00:15.454743
840	7	7	1.91	100000	1.0	1.0	1	0:00:20.315883	1.76	0.146
860	4	4	0.681	91613	0.916	0.913	1	0:00:19.562453	0.394	0.287
880	8	8	1.87	99999	1.0	1.0	1	0:00:20.237522	1.28	0.59
900	2	2	0.133	60981	0.61	0.605	1	0:00:19.755898	0.0806	0.0526
920	6	6	0.573	87737	0.877	0.874	1	0:00:19.707444	0.342	0.231
940	9	9	1.91	100000	1.0	1.0	1	0:00:20.354131	1.25	0.656
960	9	9	1.7	99983	1.0	1.0	1	0:00:19.562770	1.07	0.629
980	2	6	0.139	61456	0.615	0.61	0	0:00:16.397779
1000	5	5	1.91	100000	1.0	1.0	1	0:00:19.806148	1.33	0.576
1020	1	1	1.91	100000	1.0	1.0	1	0:00:20.873613	1.47	0.436
1040	7	5	0.781	94313	0.943	0.941	0	0:00:16.297905
1060	9	9	1.91	100000	1.0	1.0	1	0:00:19.906271	1.47	0.436
1080	6	6	0.93	97025	0.97	0.969	1	0:00:20.386859	0.544	0.386
1100	7	-1	0.0	45886	0.459	0.454	0	0:00:15.699950
1120	5	5	0.072	56208	0.562	0.557	1	0:00:20.197971	0.0404	0.0316
1140	6	6	0.612	89259	0.893	0.89	1	0:00:19.623237	0.372	0.24
1160	8	8	0.167	63516	0.635	0.63	1	0:00:20.456690	0.0943	0.0722
1180	3	3	1.57	99944	0.999	0.999	1	0:00:20.183936	0.976	0.596
1200	8	8	0.793	94598	0.946	0.944	1	0:00:20.129903	0.446	0.347
1220	9	-1	0.0	25681	0.257	0.253	0	0:00:16.336000
1240	2	6	0.869	96080	0.961	0.959	0	0:00:16.387392
1260	1	9	0.425	80606	0.806	0.802	0	0:00:16.452081
1280	3	3	0.171	63858	0.639	0.634	1	0:00:20.826554	0.101	0.0701
1300	4	3	0.622	89626	0.896	0.893	0	0:00:15.677470
1320	7	-1	0.0	46393	0.464	0.459	0	0:00:15.670011
1340	1	1	1.84	99998	1.0	1.0	1	0:00:20.054065	1.32	0.515
1360	7	7	1.53	99923	0.999	0.999	1	0:00:20.223760	0.941	0.592
1380	4	5	0.318	74206	0.742	0.738	0	0:00:15.541751
1400	5	3	0.35	76195	0.762	0.758	0	0:00:15.645511
1420	4	7	0.0902	57642	0.576	0.572	0	0:00:15.660546
1440	0	0	0.241	68989	0.69	0.685	1	0:00:20.489796	0.138	0.103
1460	6	6	1.44	99839	0.998	0.998	1	0:00:20.166860	0.97	0.466
1480	1	1	0.608	89112	0.891	0.888	1	0:00:20.447638	0.341	0.267
1500	1	1	1.53	99922	0.999	0.999	1	0:00:20.585105	0.941	0.591
1520	7	7	1.4	99787	0.998	0.997	1	0:00:20.286947	0.879	0.517
1540	8	8	1.77	99993	1.0	1.0	1	0:00:19.775216	1.35	0.423
1560	7	7	1.91	100000	1.0	1.0	1	0:00:21.006373	1.91	-0.00427
1580	6	1	0.1	58436	0.584	0.58	0	0:00:15.464650
1600	8	9	0.116	59681	0.597	0.592	0	0:00:14.368087
1620	5	-1	0.0	44665	0.447	0.442	0	0:00:15.505341
1640	7	3	0.424	80544	0.805	0.802	0	0:00:15.631139
1660	3	3	0.107	58966	0.59	0.585	1	0:00:19.989399	0.063	0.0441
1680	6	6	1.39	99775	0.998	0.997	1	0:00:20.367606	0.875	0.513
1700	5	5	0.0687	55948	0.559	0.555	1	0:00:20.816541	0.0419	0.0268
1720	4	4	0.121	60075	0.601	0.596	1	0:00:17.955295	0.0714	0.05
1740	1	1	0.839	95535	0.955	0.953	1	0:00:20.435047	0.487	0.352
1760	0	0	0.982	97679	0.977	0.975	1	0:00:20.261602	0.565	0.417
1780	7	7	1.09	98645	0.986	0.985	1	0:00:20.089284	0.685	0.404
1800	4	-1	0.0	48064	0.481	0.476	0	0:00:15.583428
1820	8	8	0.793	94590	0.946	0.944	1	0:00:20.308443	0.451	0.342
1840	8	-1	0.0	38021	0.38	0.375	0	0:00:15.504822
1860	8	8	1.83	99997	1.0	1.0	1	0:00:21.010880	1.11	0.715
1880	1	1	1.66	99974	1.0	1.0	1	0:00:19.292199	1.01	0.647
1900	8	8	1.91	100000	1.0	1.0	1	0:00:20.407113	1.67	0.236
1920	2	2	1.59	99953	1.0	0.999	1	0:00:21.117739	1.01	0.583
1940	5	-1	0.0	48585	0.486	0.481	0	0:00:16.388558
1960	2	5	0.33	74970	0.75	0.745	0	0:00:15.555713
1980	9	9	1.91	100000	1.0	1.0	1	0:00:20.409855	1.58	0.326
2000	1	1	0.189	65187	0.652	0.647	1	0:00:19.928028	0.109	0.0799
2020	9	9	1.91	100000	1.0	1.0	1	0:00:20.222014	1.41	0.496
2040	0	0	1.05	98302	0.983	0.982	1	0:00:20.418244	0.656	0.389
2060	5	3	0.608	89092	0.891	0.888	0	0:00:15.363211
2080	1	1	0.458	82397	0.824	0.82	1	0:00:19.408917	0.271	0.187
2100	2	2	0.999	97857	0.979	0.977	1	0:00:20.851433	0.605	0.394
2120	4	8	0.387	78445	0.784	0.78	0	0:00:16.386894
2140	9	9	1.91	100000	1.0	1.0	1	0:00:20.346588	1.21	0.686
2160	0	0	0.582	88094	0.881	0.878	1	0:00:20.342127	0.334	0.248
2180	4	4	1.14	98957	0.99	0.989	1	0:00:21.383433	0.783	0.354
2200	0	-1	0.0	47378	0.474	0.469	0	0:00:15.461885
2220	1	1	1.91	100000	1.0	1.0	1	0:00:20.212652	1.64	0.256
2240	9	9	0.0391	53604	0.536	0.531	1	0:00:20.275954	0.0245	0.0146
2260	4	4	1.21	99309	0.993	0.992	1	0:00:20.682194	0.833	0.377
2280	4	-1	0.0	25549	0.255	0.251	0	0:00:15.448730
2300	3	-1	0.0	38885	0.389	0.384	0	0:00:15.433459
2320	5	2	0.678	91518	0.915	0.912	0	0:00:15.982654
2340	7	7	1.87	99999	1.0	1.0	1	0:00:20.455904	1.72	0.15
2360	7	7	0.267	70796	0.708	0.703	1	0:00:20.871711	0.143	0.124
2380	8	8	1.6	99957	1.0	0.999	1	0:00:19.849582	0.989	0.614
2400	0	0	1.46	99868	0.999	0.998	1	0:00:20.218172	0.819	0.641
2420	8	-1	0.0	32261	0.323	0.318	0	0:00:15.504826
2440	7	7	1.07	98493	0.985	0.984	1	0:00:20.801245	0.627	0.442
2460	9	-1	0.0	40916	0.409	0.404	0	0:00:15.440480
2480	8	8	1.78	99994	1.0	1.0	1	0:00:19.688954	1.19	0.593
2500	4	4	0.0952	58030	0.58	0.575	1	0:00:20.206385	0.0627	0.0325
2520	1	1	0.993	97795	0.978	0.976	1	0:00:21.502183	0.6	0.393
2540	2	-1	0.0	45812	0.458	0.453	0	0:00:15.464487
2560	7	7	0.634	90049	0.9	0.898	1	0:00:19.726564	0.365	0.269
2580	6	6	0.000939	50564	0.506	0.501	1	0:00:20.340999	0.000663	0.000276
2600	8	8	1.91	100000	1.0	1.0	1	0:00:20.886510	1.43	0.476
2620	1	1	0.759	93799	0.938	0.936	1	0:00:19.974490	0.44	0.319
2640	7	7	1.8	99995	1.0	1.0	1	0:00:20.508112	1.16	0.636
2660	3	5	0.0521	54634	0.546	0.541	0	0:00:15.300674
2680	0	0	1.91	100000	1.0	1.0	1	0:00:18.384771	1.87	0.0357
2700	9	9	0.776	94199	0.942	0.94	1	0:00:19.575819	0.445	0.331
2720	3	3	0.902	96626	0.966	0.964	1	0:00:19.273155	0.57	0.332
2740	1	1	1.42	99821	0.998	0.998	1	0:00:20.575866	0.856	0.565
2760	2	2	1.06	98450	0.985	0.983	1	0:00:20.602616	0.642	0.421
2780	7	7	1.91	100000	1.0	1.0	1	0:00:19.993362	1.58	0.326
2800	4	4	0.171	63854	0.639	0.634	1	0:00:20.349903	0.104	0.067
2820	6	6	1.77	99993	1.0	1.0	1	0:00:20.349123	1.23	0.543
2840	3	3	1.91	100000	1.0	1.0	1	0:00:18.673054	1.91	-0.00427
2860	5	-1	0.0	34509	0.345	0.34	0	0:00:15.547253
2880	4	4	1.81	99996	1.0	1.0	1	0:00:19.337214	1.41	0.399
2900	3	5	0.0427	53889	0.539	0.534	0	0:00:15.394124
2920	2	3	0.453	82148	0.821	0.818	0	0:00:15.453253
2940	3	0	0.791	94542	0.945	0.943	0	0:00:15.461383
2960	9	9	0.738	93256	0.933	0.93	1	0:00:20.212368	0.478	0.26
2980	8	8	0.977	97619	0.976	0.975	1	0:00:20.241519	0.562	0.415
3000	5	5	1.91	100000	1.0	1.0	1	0:00:20.141328	1.44	0.466
3020	1	1	1.57	99941	0.999	0.999	1	0:00:21.388163	0.952	0.613
3040	7	7	1.91	100000	1.0	1.0	1	0:00:20.261889	1.91	-0.00427
3060	7	7	1.5	99899	0.999	0.999	1	0:00:20.413362	0.886	0.613
3080	1	1	0.615	89367	0.894	0.891	1	0:00:21.067754	0.355	0.26
3100	0	0	1.39	99784	0.998	0.997	1	0:00:20.015363	0.985	0.409
3120	4	-1	0.0	47004	0.47	0.465	0	0:00:15.491581
3140	8	8	1.19	99238	0.992	0.991	1	0:00:20.592647	0.73	0.463
3160	6	2	0.213	66923	0.669	0.665	0	0:00:15.684147
3180	3	3	0.406	79575	0.796	0.792	1	0:00:19.884700	0.261	0.145
3200	5	7	0.0841	57163	0.572	0.567	0	0:00:16.406489
3220	3	-1	0.0	49729	0.497	0.492	0	0:00:16.408105
3240	4	-1	0.0	35618	0.356	0.352	0	0:00:16.107424
3260	7	7	1.7	99984	1.0	1.0	1	0:00:20.663429	1.04	0.664
3280	3	5	0.4	79197	0.792	0.788	0	0:00:15.444637
3300	4	4	0.496	84302	0.843	0.839	1	0:00:20.236337	0.304	0.192
3320	2	7	1.1	98708	0.987	0.986	0	0:00:15.508380
3340	6	6	0.767	93990	0.94	0.938	1	0:00:20.546549	0.474	0.293
3360	4	4	0.249	69548	0.695	0.691	1	0:00:20.173157	0.15	0.0993
3380	8	8	1.73	99988	1.0	1.0	1	0:00:20.243654	1.19	0.54
3400	6	4	0.499	84466	0.845	0.841	0	0:00:16.035996
3420	5	3	0.148	62148	0.621	0.617	0	0:00:16.421531
3440	2	3	0.441	81511	0.815	0.811	0	0:00:16.433881
3460	1	1	1.27	99516	0.995	0.994	1	0:00:19.476032	0.735	0.534
3480	2	2	1.91	100000	1.0	1.0	1	0:00:20.378846	1.8	0.106
3500	1	1	0.715	92635	0.926	0.924	1	0:00:19.828112	0.408	0.307
3520	1	1	1.91	100000	1.0	1.0	1	0:00:19.701925	1.46	0.446
3540	6	6	1.35	99705	0.997	0.996	1	0:00:19.809003	0.822	0.526
3560	1	-1	0.0	45366	0.454	0.449	0	0:00:15.485222
3580	4	4	0.167	63589	0.636	0.631	1	0:00:20.274136	0.1	0.0675
3600	4	2	0.946	97234	0.972	0.971	0	0:00:15.445742
3620	0	-1	0.0	42353	0.424	0.419	0	0:00:15.619871
3640	6	2	0.473	83147	0.831	0.828	0	0:00:16.408985
3660	0	0	1.22	99352	0.994	0.993	1	0:00:20.688404	0.724	0.497
3680	0	-1	0.0	32004	0.32	0.315	0	0:00:16.374852
3700	3	3	1.02	98074	0.981	0.979	1	0:00:19.655584	0.646	0.374
3720	2	2	1.84	99998	1.0	1.0	1	0:00:20.508379	1.35	0.495
3740	0	0	1.46	99869	0.999	0.998	1	0:00:20.590186	0.916	0.548
3760	7	7	1.91	100000	1.0	1.0	1	0:00:20.089494	1.26	0.646
3780	4	4	0.326	74715	0.747	0.743	1	0:00:18.732581	0.214	0.112
3800	9	9	0.903	96629	0.966	0.964	1	0:00:19.416604	0.578	0.325
3820	0	0	0.0142	51619	0.516	0.511	1	0:00:20.040088	0.00625	0.00791
3840	6	3	0.436	81222	0.812	0.808	0	0:00:16.386476
3860	7	7	1.91	100000	1.0	1.0	1	0:00:19.618470	1.9	-0.00427
3880	6	-1	0.0	45164	0.452	0.447	0	0:00:16.252002
3900	3	6	0.539	86285	0.863	0.859	0	0:00:15.339251
3920	7	-1	0.0	26275	0.263	0.258	0	0:00:15.350240
3940	6	-1	0.0	30201	0.302	0.298	0	0:00:15.450847
3960	2	2	1.65	99973	1.0	1.0	1	0:00:20.615409	1.11	0.543
3980	9	9	0.428	80795	0.808	0.804	1	0:00:19.499856	0.248	0.18
4000	8	0	0.00392	50802	0.508	0.503	0	0:00:15.527517
4020	8	8	0.679	91539	0.915	0.913	1	0:00:20.254503	0.394	0.285
4040	0	0	1.91	100000	1.0	1.0	1	0:00:19.015849	1.91	-0.00427
4060	6	6	0.406	79580	0.796	0.792	1	0:00:19.430897	0.226	0.18
4080	1	1	1.41	99809	0.998	0.998	1	0:00:20.394445	0.828	0.584
4100	7	7	1.87	99999	1.0	1.0	1	0:00:19.601024	1.91	-0.0404
4120	4	4	1.25	99440	0.994	0.994	1	0:00:20.559340	0.777	0.469
4140	5	5	1.16	99059	0.991	0.99	1	0:00:20.146837	0.786	0.37
4160	5	-1	0.0	46644	0.466	0.462	0	0:00:15.456359
4180	0	0	0.141	61555	0.616	0.611	1	0:00:20.534888	0.0821	0.0586
4200	4	2	0.0149	51678	0.517	0.512	0	0:00:15.516991
4220	4	0	1.1	98750	0.988	0.986	0	0:00:15.643215
4240	7	0	0.371	77527	0.775	0.771	0	0:00:15.597347
4260	8	8	1.83	99997	1.0	1.0	1	0:00:20.183125	1.21	0.615
4280	8	-1	0.0	45495	0.455	0.45	0	0:00:16.399300
4300	8	8	1.52	99914	0.999	0.999	1	0:00:20.224287	1.03	0.49
4320	1	-1	0.0	47996	0.48	0.475	0	0:00:16.458818
4340	0	0	1.5	99897	0.999	0.999	1	0:00:20.499532	0.915	0.581
4360	6	9	0.0659	55732	0.557	0.552	0	0:00:15.466583
4380	9	9	0.889	96408	0.964	0.962	1	0:00:20.471998	0.513	0.376
4400	3	-1	0.0	35913	0.359	0.354	0	0:00:15.485682
4420	5	5	0.436	81247	0.812	0.809	1	0:00:20.404694	0.284	0.152
4440	2	2	0.582	88087	0.881	0.878	1	0:00:20.600925	0.353	0.229
4460	9	9	0.608	89103	0.891	0.888	1	0:00:20.051666	0.361	0.247
4480	9	9	1.84	99998	1.0	1.0	1	0:00:20.302837	1.4	0.445
4500	3	5	0.399	79176	0.792	0.788	0	0:00:15.883459
4520	3	6	0.251	69666	0.697	0.692	0	0:00:16.412482
4540	9	9	1.87	99999	1.0	1.0	1	0:00:20.039747	1.51	0.36
4560	1	1	1.74	99989	1.0	1.0	1	0:00:19.809270	1.1	0.637
4580	6	-1	0.0	42223	0.422	0.417	0	0:00:15.933300
4600	4	7	0.111	59263	0.593	0.588	0	0:00:15.349092
4620	7	3	0.215	67094	0.671	0.666	0	0:00:15.510926
4640	2	2	0.493	84135	0.841	0.838	1	0:00:19.999397	0.301	0.192
4660	7	7	0.233	68391	0.684	0.679	1	0:00:20.524668	0.13	0.103
4680	9	-1	0.0	46439	0.464	0.46	0	0:00:20.101317	0.0214	-0.0214
4700	6	-1	0.0	42144	0.421	0.417	0	0:00:15.550148
4720	8	8	0.29	72347	0.723	0.719	1	0:00:20.398475	0.167	0.123
4740	5	3	0.612	89274	0.893	0.89	0	0:00:16.431088
4760	3	-1	0.0	43058	0.431	0.426	0	0:00:16.416254
4780	0	0	1.22	99359	0.994	0.993	1	0:00:20.243686	0.788	0.435
4800	9	9	1.91	100000	1.0	1.0	1	0:00:20.408887	1.91	-0.00427
4820	3	3	1.44	99849	0.998	0.998	1	0:00:20.337528	0.952	0.493
4840	0	0	1.91	100000	1.0	1.0	1	0:00:20.349054	1.74	0.156
4860	5	5	1.5	99900	0.999	0.999	1	0:00:20.498417	0.842	0.657
4880	0	-1	0.0	28727	0.287	0.283	0	0:00:15.369029
4900	3	-1	0.0	48524	0.485	0.48	0	0:00:14.052841
4920	7	7	1.91	100000	1.0	1.0	1	0:00:20.322396	1.42	0.486
4940	6	6	0.272	71116	0.711	0.707	1	0:00:19.965415	0.163	0.109
4960	4	3	0.0922	57799	0.578	0.573	0	0:00:16.428744
4980	1	9	0.551	86799	0.868	0.865	0	0:00:16.380977
5000	7	7	1.91	100000	1.0	1.0	1	0:00:20.170062	1.91	-0.00427
5020	8	8	1.87	99999	1.0	1.0	1	0:00:20.458633	1.35	0.52
5040	3	3	0.0677	55874	0.559	0.554	1	0:00:19.961281	0.0372	0.0305
5060	6	6	0.342	75713	0.757	0.753	1	0:00:19.526888	0.199	0.143
5080	7	7	1.91	100000	1.0	1.0	1	0:00:20.353005	1.37	0.536
5100	3	3	1.84	99998	1.0	1.0	1	0:00:20.390670	1.34	0.505
5120	9	9	0.819	95141	0.951	0.949	1	0:00:20.001729	0.479	0.34
5140	8	8	1.38	99769	0.998	0.997	1	0:00:20.684767	0.873	0.511
5160	0	0	0.958	97391	0.974	0.972	1	0:00:20.191683	0.563	0.395
5180	9	-1	0.0	49093	0.491	0.486	0	0:00:16.398055
5200	3	3	1.84	99998	1.0	1.0	1	0:00:19.843040	1.33	0.515
5220	0	0	1.01	97926	0.979	0.978	1	0:00:20.383820	0.665	0.34
5240	1	-1	0.0	50119	0.501	0.496	0	0:00:15.456759
5260	0	0	1.91	100000	1.0	1.0	1	0:00:20.315382	1.68	0.226
5280	0	-1	0.0	47695	0.477	0.472	0	0:00:15.436967
5300	9	9	1.02	98114	0.981	0.98	1	0:00:20.426293	0.603	0.422
5320	7	7	1.62	99964	1.0	0.999	1	0:00:20.063139	0.937	0.683
5340	3	4	1.02	98054	0.981	0.979	0	0:00:15.508610
5360	9	9	1.73	99988	1.0	1.0	1	0:00:20.135486	1.12	0.61
5380	1	9	0.458	82389	0.824	0.82	0	0:00:16.214777
5400	9	9	1.55	99935	0.999	0.999	1	0:00:20.413244	0.958	0.596
5420	6	6	1.15	99030	0.99	0.989	1	0:00:20.376221	0.673	0.477
5440	9	9	1.91	100000	1.0	1.0	1	0:00:20.145045	1.91	-0.00427
5460	0	0	1.91	100000	1.0	1.0	1	0:00:20.628801	1.77	0.136
5480	1	1	1.01	98017	0.98	0.979	1	0:00:20.556368	0.591	0.423
5500	8	8	0.778	94244	0.942	0.94	1	0:00:20.144103	0.476	0.302
5520	4	-1	0.0	48358	0.484	0.479	0	0:00:15.384585
5540	5	-1	0.0	34767	0.348	0.343	0	0:00:15.474769
5560	3	-1	0.0	49275	0.493	0.488	0	0:00:15.234634
5580	5	3	0.122	60132	0.601	0.597	0	0:00:15.326773
5600	6	-1	0.0	31047	0.31	0.306	0	0:00:15.823081
5620	3	4	0.0985	58290	0.583	0.578	0	0:00:16.379446
5640	2	2	0.851	95754	0.958	0.956	1	0:00:20.100869	0.489	0.362
5660	9	9	0.601	88832	0.888	0.885	1	0:00:20.503129	0.347	0.254
5680	2	3	0.414	80025	0.8	0.796	0	0:00:15.940660
5700	3	-1	0.0	46482	0.465	0.46	0	0:00:15.329253
5720	9	9	1.91	100000	1.0	1.0	1	0:00:20.316071	1.5	0.406
5740	6	6	0.7	92183	0.922	0.919	1	0:00:20.550363	0.372	0.328
5760	2	2	0.386	78386	0.784	0.78	1	0:00:20.436944	0.237	0.149
5780	7	7	1.91	100000	1.0	1.0	1	0:00:20.549181	1.81	0.0957
5800	2	2	0.32	74352	0.744	0.739	1	0:00:19.218001	0.184	0.136
5820	5	5	0.449	81897	0.819	0.815	1	0:00:20.589597	0.265	0.184
5840	2	2	0.759	93799	0.938	0.936	1	0:00:19.957390	0.454	0.305
5860	0	0	0.247	69398	0.694	0.689	1	0:00:20.069590	0.14	0.107
5880	0	0	1.87	99999	1.0	1.0	1	0:00:20.148591	1.21	0.66
5900	4	-1	0.0	39535	0.395	0.391	0	0:00:16.067646
5920	8	8	1.91	100000	1.0	1.0	1	0:00:20.790364	1.91	-0.00427
5940	7	4	0.144	61771	0.618	0.613	0	0:00:15.326849
5960	2	6	0.153	62509	0.625	0.62	0	0:00:15.373029
5980	9	9	1.91	100000	1.0	1.0	1	0:00:20.160864	1.69	0.216
6000	8	8	0.193	65487	0.655	0.65	1	0:00:20.083006	0.114	0.0789
6020	6	6	1.13	98928	0.989	0.988	1	0:00:20.398986	0.73	0.402
6040	2	5	0.000538	50532	0.505	0.5	0	0:00:16.389574
6060	3	3	0.0368	53423	0.534	0.529	1	0:00:20.085984	0.019	0.0178
6080	1	1	1.11	98779	0.988	0.987	1	0:00:20.458626	0.625	0.483
6100	1	1	1.75	99991	1.0	1.0	1	0:00:20.203531	1.15	0.604
6120	5	5	1.21	99301	0.993	0.992	1	0:00:19.788600	0.735	0.473
6140	9	9	1.5	99901	0.999	0.999	1	0:00:20.443806	1.05	0.451
6160	2	2	0.435	81173	0.812	0.808	1	0:00:20.386017	0.254	0.181
6180	0	0	1.08	98566	0.986	0.984	1	0:00:20.476187	0.638	0.44
6200	3	3	0.765	93948	0.939	0.937	1	0:00:20.201223	0.488	0.277
6220	2	5	0.18	64558	0.646	0.641	0	0:00:15.958380
6240	2	2	0.128	60567	0.606	0.601	1	0:00:19.934865	0.0778	0.05
6260	2	-1	0.0	35327	0.353	0.349	0	0:00:16.447861
6280	8	-1	0.0	46400	0.464	0.459	0	0:00:16.393145
6300	1	1	0.847	95695	0.957	0.955	1	0:00:19.843632	0.486	0.361
6320	0	0	0.984	97699	0.977	0.975	1	0:00:20.412742	0.586	0.398
6340	3	3	1.27	99504	0.995	0.994	1	0:00:20.128107	0.82	0.445
6360	2	2	0.324	74561	0.746	0.741	1	0:00:20.309988	0.192	0.132
6380	3	-1	0.0	49741	0.497	0.493	0	0:00:15.653167
6400	0	-1	0.0	38636	0.386	0.382	0	0:00:15.554155
6420	7	7	1.91	100000	1.0	1.0	1	0:00:20.666991	1.67	0.236
6440	3	-1	0.0	29255	0.293	0.288	0	0:00:15.659752
6460	3	3	0.452	82079	0.821	0.817	1	0:00:19.980598	0.291	0.161
6480	0	0	1.13	98918	0.989	0.988	1	0:00:18.830779	0.652	0.479
6500	7	-1	0.0	32274	0.323	0.318	0	0:00:16.414925
6520	6	-1	0.0	39462	0.395	0.39	0	0:00:15.854522
6540	8	8	1.42	99823	0.998	0.998	1	0:00:20.290371	0.849	0.574
6560	6	6	0.798	94707	0.947	0.945	1	0:00:20.231470	0.469	0.329
6580	1	1	0.224	67717	0.677	0.673	1	0:00:20.442829	0.129	0.0945
6600	7	7	1.91	100000	1.0	1.0	1	0:00:19.006260	1.67	0.236
6620	7	7	1.91	100000	1.0	1.0	1	0:00:20.317341	1.2	0.706
6640	5	3	0.82	95168	0.952	0.95	0	0:00:15.501131
6660	0	0	1.67	99977	1.0	1.0	1	0:00:20.304547	1.04	0.63
6680	3	3	0.569	87576	0.876	0.873	1	0:00:20.163019	0.323	0.246
6700	6	6	0.388	78515	0.785	0.781	1	0:00:19.982456	0.217	0.171
6720	2	2	0.706	92375	0.924	0.921	1	0:00:19.831980	0.431	0.275
6740	2	2	0.594	88558	0.886	0.882	1	0:00:20.374517	0.348	0.246
6760	5	5	1.76	99992	1.0	1.0	1	0:00:20.549677	1.06	0.703
6780	7	7	1.91	100000	1.0	1.0	1	0:00:20.292055	1.53	0.376
6800	6	-1	0.0	47348	0.473	0.469	0	0:00:15.419102
6820	1	1	1.91	100000	1.0	1.0	1	0:00:17.674659	1.67	0.226
6840	9	9	1.16	99091	0.991	0.99	1	0:00:17.750433	0.672	0.49
6860	0	0	0.603	88928	0.889	0.886	1	0:00:19.705753	0.336	0.267
6880	2	2	0.951	97300	0.973	0.971	1	0:00:20.696019	0.56	0.39
6900	3	-1	0.0	39726	0.397	0.392	0	0:00:16.401398
6920	5	-1	0.0	45480	0.455	0.45	0	0:00:16.412456
6940	1	1	1.91	100000	1.0	1.0	1	0:00:20.362185	1.86	0.0357
6960	9	9	0.116	59651	0.597	0.592	1	0:00:20.627682	0.0655	0.0505
6980	0	-1	0.0	43778	0.438	0.433	0	0:00:15.407852
7000	2	0	0.123	60192	0.602	0.597	0	0:00:15.680977
7020	7	7	1.91	100000	1.0	1.0	1	0:00:20.257715	1.45	0.456
7040	7	-1	0.0	37779	0.378	0.373	0	0:00:15.521541
7060	8	8	1.1	98716	0.987	0.986	1	0:00:20.624923	0.65	0.449
7080	5	4	0.403	79379	0.794	0.79	0	0:00:15.418242
7100	9	-1	0.0	47682	0.477	0.472	0	0:00:15.649472
7120	7	5	0.236	68588	0.686	0.681	0	0:00:16.457864
7140	4	-1	0.0	40455	0.405	0.4	0	0:00:16.235094
7160	5	5	1.45	99850	0.999	0.998	1	0:00:20.334904	0.961	0.485
7180	6	6	1.26	99492	0.995	0.994	1	0:00:19.372344	0.736	0.526
7200	4	-1	0.0	37097	0.371	0.366	0	0:00:15.569571
7220	9	9	1.71	99985	1.0	1.0	1	0:00:20.421008	1.04	0.67
7240	0	0	0.151	62345	0.623	0.619	1	0:00:20.494023	0.0952	0.0558
7260	1	1	0.817	95105	0.951	0.949	1	0:00:20.239370	0.477	0.34
7280	1	9	0.382	78151	0.782	0.777	0	0:00:15.475999
7300	3	4	0.444	81675	0.817	0.813	0	0:00:15.877337
7320	8	8	0.747	93490	0.935	0.932	1	0:00:20.371685	0.42	0.327
7340	2	4	0.143	61766	0.618	0.613	0	0:00:16.395723
7360	2	-1	0.0	34265	0.343	0.338	0	0:00:16.387309
7380	7	7	1.43	99834	0.998	0.998	1	0:00:20.059025	0.909	0.523
7400	3	3	1.12	98829	0.988	0.987	1	0:00:20.360997	0.655	0.461
7420	3	4	0.116	59670	0.597	0.592	0	0:00:15.307842
7440	3	3	0.942	97183	0.972	0.97	1	0:00:20.145323	0.578	0.364
7460	5	5	1.91	100000	1.0	1.0	1	0:00:18.245882	1.14	0.766
7480	1	8	0.612	89262	0.893	0.89	0	0:00:15.615487
7500	6	6	1.91	100000	1.0	1.0	1	0:00:20.530962	1.91	-0.00427
7520	4	4	0.299	72953	0.73	0.725	1	0:00:20.291108	0.202	0.0971
7540	5	5	1.91	100000	1.0	1.0	1	0:00:20.718953	1.39	0.516
7560	0	0	0.783	94361	0.944	0.941	1	0:00:20.083608	0.487	0.296
7580	8	8	1.76	99992	1.0	1.0	1	0:00:20.316547	1.11	0.653
7600	8	9	0.295	72709	0.727	0.723	0	0:00:16.389822
7620	5	3	0.206	66459	0.665	0.66	0	0:00:15.480329
7640	9	9	0.11	59202	0.592	0.587	1	0:00:19.351489	0.061	0.0492
7660	7	-1	0.0	36526	0.365	0.361	0	0:00:15.253014
7680	3	-1	0.0	38907	0.389	0.384	0	0:00:15.531442
7700	6	6	1.77	99993	1.0	1.0	1	0:00:17.520181	1.2	0.573
7720	5	-1	0.0	34777	0.348	0.343	0	0:00:15.415731
7740	4	4	0.366	77189	0.772	0.768	1	0:00:20.124459	0.24	0.126
7760	2	9	0.239	68796	0.688	0.683	0	0:00:16.353369
7780	3	-1	0.0	36090	0.361	0.356	0	0:00:16.378194
7800	0	0	1.35	99718	0.997	0.997	1	0:00:20.377141	0.958	0.395
7820	5	5	0.466	82825	0.828	0.825	1	0:00:20.254195	0.286	0.18
7840	1	1	1.91	100000	1.0	1.0	1	0:00:20.108655	1.51	0.396
7860	8	8	0.639	90228	0.902	0.899	1	0:00:19.724913	0.381	0.258
7880	0	0	0.418	80220	0.802	0.798	1	0:00:20.208066	0.23	0.188
7900	0	8	0.0963	58123	0.581	0.576	0	0:00:15.462439
7920	9	9	0.627	89823	0.898	0.895	1	0:00:20.120789	0.379	0.248
7940	2	-1	0.0	37938	0.379	0.375	0	0:00:15.348962
7960	0	0	0.762	93872	0.939	0.936	1	0:00:19.064918	0.457	0.305
7980	3	3	0.547	86642	0.866	0.863	1	0:00:20.055587	0.337	0.21
8000	9	9	1.38	99763	0.998	0.997	1	0:00:20.256737	0.976	0.404
8020	6	3	0.615	89383	0.894	0.891	0	0:00:16.380901
8040	2	2	1.63	99965	1.0	0.999	1	0:00:20.495203	1.08	0.546
8060	6	6	1.16	99088	0.991	0.99	1	0:00:20.449121	0.735	0.427
8080	4	-1	0.0	48685	0.487	0.482	0	0:00:15.285130
8100	6	-1	0.0	42941	0.429	0.425	0	0:00:15.389277
8120	8	9	0.669	91239	0.912	0.91	0	0:00:15.345024
8140	5	-1	0.0	36959	0.37	0.365	0	0:00:15.144223
8160	6	6	1.61	99960	1.0	0.999	1	0:00:20.272127	1.09	0.521
8180	4	4	0.272	71123	0.711	0.707	1	0:00:20.529409	0.178	0.094
8200	3	4	0.352	76347	0.763	0.759	0	0:00:16.399138
8220	6	-1	0.0	35539	0.355	0.351	0	0:00:15.110237
8240	7	7	1.91	100000	1.0	1.0	1	0:00:20.532409	1.67	0.236
8260	1	1	1.91	100000	1.0	1.0	1	0:00:20.085108	1.87	0.0357
8280	4	5	0.116	59627	0.596	0.591	0	0:00:15.484516
8300	5	-1	0.0	42219	0.422	0.417	0	0:00:15.411831
8320	7	-1	0.0	49426	0.494	0.489	0	0:00:15.301536
8340	5	3	0.453	82129	0.821	0.818	0	0:00:15.668532
8360	7	7	1.91	100000	1.0	1.0	1	0:00:20.321821	1.52	0.386
8380	9	9	1.71	99985	1.0	1.0	1	0:00:20.247491	1.14	0.57
8400	0	-1	0.0	47489	0.475	0.47	0	0:00:16.389837
8420	3	6	0.533	86008	0.86	0.857	0	0:00:15.747186
8440	5	5	0.138	61344	0.613	0.609	1	0:00:20.547863	0.0794	0.0585
8460	8	8	1.84	99998	1.0	1.0	1	0:00:20.457422	1.26	0.585
8480	2	2	0.708	92423	0.924	0.922	1	0:00:20.340750	0.474	0.234
8500	4	4	1.1	98717	0.987	0.986	1	0:00:20.396970	0.717	0.382
8520	8	8	0.52	85423	0.854	0.851	1	0:00:20.370493	0.296	0.224
8540	4	-1	0.0	45329	0.453	0.448	0	0:00:15.301577
8560	7	7	1.7	99984	1.0	1.0	1	0:00:20.290371	1.04	0.664
8580	3	-1	0.0	49260	0.493	0.488	0	0:00:16.415635
8600	3	3	0.614	89325	0.893	0.89	1	0:00:18.788691	0.37	0.244
8620	3	-1	0.0	41266	0.413	0.408	0	0:00:16.370939
8640	1	1	1.7	99984	1.0	1.0	1	0:00:19.625616	1.0	0.704
8660	7	7	1.87	99999	1.0	1.0	1	0:00:20.371799	1.17	0.7
8680	3	-1	0.0	31342	0.313	0.309	0	0:00:15.253689
8700	3	3	0.904	96648	0.966	0.965	1	0:00:19.260553	0.516	0.388
8720	2	0	1.26	99475	0.995	0.994	0	0:00:15.350605
8740	2	2	0.49	83998	0.84	0.836	1	0:00:20.267629	0.304	0.186
8760	8	8	1.91	100000	1.0	1.0	1	0:00:20.493358	1.48	0.426
8780	4	4	0.561	87226	0.872	0.869	1	0:00:20.267580	0.355	0.206
8800	0	0	1.91	100000	1.0	1.0	1	0:00:20.349731	1.38	0.526
8820	2	2	1.91	100000	1.0	1.0	1	0:00:20.088309	1.82	0.0757
8840	2	-1	0.0	35706	0.357	0.352	0	0:00:15.889841
8860	2	2	1.55	99933	0.999	0.999	1	0:00:20.621248	0.972	0.579
8880	1	1	1.63	99965	1.0	0.999	1	0:00:20.284256	0.93	0.696
8900	2	4	0.242	69034	0.69	0.686	0	0:00:15.510114
8920	6	6	1.41	99804	0.998	0.998	1	0:00:20.540377	0.896	0.512
8940	6	3	0.654	90744	0.907	0.905	0	0:00:15.619673
8960	0	0	1.39	99779	0.998	0.997	1	0:00:20.337475	0.908	0.483
8980	9	9	1.91	100000	1.0	1.0	1	0:00:20.415455	1.81	0.0957
9000	8	8	1.91	100000	1.0	1.0	1	0:00:20.367192	1.91	-0.00427
9020	7	7	1.34	99691	0.997	0.996	1	0:00:20.655150	0.77	0.57
9040	2	5	0.217	67229	0.672	0.668	0	0:00:16.426529
9060	9	9	1.45	99854	0.999	0.998	1	0:00:19.768615	0.839	0.61
9080	3	3	0.284	71937	0.719	0.715	1	0:00:20.509799	0.18	0.104
9100	9	1	0.124	60257	0.603	0.598	0	0:00:15.527893
9120	3	-1	0.0	41848	0.418	0.414	0	0:00:15.440396
9140	7	7	0.0617	55398	0.554	0.549	1	0:00:20.327806	0.0348	0.0269
9160	5	3	0.452	82065	0.821	0.817	0	0:00:15.600028
9180	5	5	1.91	100000	1.0	1.0	1	0:00:20.236959	1.5	0.406
9200	8	8	1.8	99995	1.0	1.0	1	0:00:20.160533	1.4	0.396
9220	8	8	1.91	100000	1.0	1.0	1	0:00:19.612017	1.63	0.276
9240	8	8	1.19	99204	0.992	0.991	1	0:00:20.072774	0.748	0.438
9260	5	5	0.982	97675	0.977	0.975	1	0:00:20.425397	0.602	0.38
9280	9	-1	0.0	43928	0.439	0.434	0	0:00:16.395026
9300	5	-1	0.0	33982	0.34	0.335	0	0:00:15.625730
9320	9	9	1.75	99991	1.0	1.0	1	0:00:20.765056	1.14	0.614
9340	1	1	1.91	100000	1.0	1.0	1	0:00:20.262073	1.87	0.0357
9360	5	0	0.00591	50961	0.51	0.505	0	0:00:15.240816
9380	5	3	0.606	89041	0.89	0.887	0	0:00:15.300666
9400	6	6	1.15	99033	0.99	0.989	1	0:00:20.638774	0.71	0.441
9420	5	5	1.67	99978	1.0	1.0	1	0:00:20.125557	1.13	0.544
9440	8	8	1.91	100000	1.0	1.0	1	0:00:20.248413	1.52	0.386
9460	3	7	0.516	85251	0.853	0.849	0	0:00:15.819693
9480	2	2	0.048	54314	0.543	0.538	1	0:00:20.369328	0.0222	0.0258
9500	9	9	1.1	98695	0.987	0.986	1	0:00:20.537852	0.656	0.44
9520	1	1	1.46	99869	0.999	0.998	1	0:00:20.445520	0.87	0.593
9540	5	5	0.369	77363	0.774	0.77	1	0:00:20.637042	0.204	0.165
9560	9	7	0.356	76574	0.766	0.762	0	0:00:15.448957
9580	1	1	1.23	99369	0.994	0.993	1	0:00:20.419145	0.689	0.537
9600	8	8	1.05	98356	0.984	0.982	1	0:00:20.441110	0.607	0.445
9620	4	4	0.731	93070	0.931	0.928	1	0:00:20.470113	0.433	0.298
9640	5	-1	0.0	32805	0.328	0.323	0	0:00:16.435766
9660	6	6	1.91	100000	1.0	1.0	1	0:00:20.695163	1.73	0.166
9680	8	8	1.91	100000	1.0	1.0	1	0:00:20.195745	1.52	0.386
9700	0	0	1.67	99977	1.0	1.0	1	0:00:20.624178	1.09	0.58
9720	8	1	0.0219	52232	0.522	0.517	0	0:00:15.421764
9740	3	6	0.316	74047	0.74	0.736	0	0:00:15.434827
9760	9	-1	0.0	40993	0.41	0.405	0	0:00:15.541457
9780	4	6	0.0352	53292	0.533	0.528	0	0:00:15.357276
9800	1	1	1.91	100000	1.0	1.0	1	0:00:19.370924	1.9	-0.00427
9820	0	8	0.334	75228	0.752	0.748	0	0:00:16.063293
9840	4	-1	0.0	47267	0.473	0.468	0	0:00:16.391671
9860	0	5	0.161	63098	0.631	0.626	0	0:00:16.450117
9880	7	7	0.381	78130	0.781	0.777	1	0:00:20.725617	0.209	0.172
9900	8	8	0.937	97116	0.971	0.969	1	0:00:20.482935	0.564	0.373
9920	6	6	1.23	99395	0.994	0.993	1	0:00:20.793708	0.808	0.425
9940	4	5	0.257	70064	0.701	0.696	0	0:00:15.521656
9960	2	0	1.33	99671	0.997	0.996	0	0:00:15.434921
9980	0	0	1.91	100000	1.0	1.0	1	0:00:20.282495	1.68	0.226
