idx	label	predict	radius	nA	pAPrime	pABar	correct	time	distance	budget
0	3	3	0.735	93161	0.932	0.929	1	0:00:23.683585	0.489	0.246
20	7	7	0.729	93011	0.93	0.928	1	0:00:22.415435	0.408	0.321
40	4	4	0.554	86934	0.869	0.866	1	0:00:30.965799	0.31	0.244
60	7	7	1.21	99320	0.993	0.992	1	0:00:08.420595	0.0	0.00279
80	8	8	1.18	99201	0.992	0.991	1	0:00:08.401790	0.0	-0.0151
100	4	-1	0.0	34623	0.346	0.342	0	0:00:16.065298
120	8	8	0.381	78085	0.781	0.777	1	0:00:42.030350	0.222	0.159
140	6	6	0.622	89614	0.896	0.893	1	0:00:25.712510	0.366	0.256
160	2	2	0.478	83391	0.834	0.83	1	0:00:39.665512	0.273	0.205
180	0	0	1.26	99490	0.995	0.994	1	0:00:16.536972	0.642	0.319
200	5	5	0.458	82400	0.824	0.82	1	0:00:41.373470	0.279	0.179
220	7	7	1.36	99734	0.997	0.997	1	0:00:16.237665	0.0	0.00314
240	1	1	1.91	100000	1.0	1.0	1	0:00:16.472931	0.0	0.0357
260	8	8	0.0123	51473	0.515	0.51	1	0:01:29.144138	0.00632	0.00601
280	9	9	1.04	98259	0.983	0.981	1	0:00:16.149212	0.0	0.000403
300	6	6	1.12	98875	0.989	0.988	1	0:00:17.674937	0.584	0.446
320	3	3	0.908	96707	0.967	0.965	1	0:00:19.135580	0.578	0.315
340	2	4	0.171	63843	0.638	0.634	0	0:00:16.383978
360	9	9	0.535	86116	0.861	0.858	1	0:00:39.007911	0.3	0.235
380	6	6	0.713	92563	0.926	0.923	1	0:00:28.311362	0.449	0.264
400	9	9	1.44	99845	0.998	0.998	1	0:00:08.597094	0.41	0.281
420	4	4	1.28	99556	0.996	0.995	1	0:00:09.346976	0.8	0.484
440	1	1	0.795	94642	0.946	0.944	1	0:00:18.793625	0.443	0.352
460	5	5	1.23	99387	0.994	0.993	1	0:00:08.513060	0.225	0.1
480	8	9	0.558	87105	0.871	0.868	0	0:00:15.522712
500	4	6	0.375	77733	0.777	0.773	0	0:00:14.372129
520	5	5	0.568	87547	0.875	0.872	1	0:00:30.191316	0.318	0.25
540	1	1	1.17	99122	0.991	0.99	1	0:00:09.960586	0.684	0.484
560	0	0	1.36	99728	0.997	0.997	1	0:00:08.456199	0.0	-0.000213
580	4	4	0.815	95062	0.951	0.948	1	0:00:15.727308	0.504	0.311
600	8	8	1.25	99450	0.995	0.994	1	0:00:08.512708	0.228	0.109
620	7	7	0.843	95619	0.956	0.954	1	0:00:11.339891	0.48	0.363
640	5	3	0.923	96931	0.969	0.968	0	0:00:15.569599
660	9	9	1.15	99033	0.99	0.989	1	0:00:09.156532	0.51	0.322
680	9	9	0.184	64856	0.649	0.644	1	0:01:01.788259	0.111	0.0734
700	7	7	1.22	99334	0.993	0.993	1	0:00:08.881112	0.604	0.427
720	4	-1	0.0	38624	0.386	0.381	0	0:00:15.492699
740	2	3	0.0558	54933	0.549	0.544	0	0:00:16.229863
760	3	3	0.312	73806	0.738	0.734	1	0:00:50.000638	0.186	0.126
780	9	9	0.638	90191	0.902	0.899	1	0:00:27.675442	0.359	0.279
800	7	7	1.87	99999	1.0	1.0	1	0:00:13.072137	0.0	0.0296
820	6	-1	0.0	44139	0.441	0.437	0	0:00:15.454743
840	7	7	1.77	99993	1.0	1.0	1	0:00:13.175350	0.0	0.0125
860	4	4	0.681	91600	0.916	0.913	1	0:00:27.977153	0.394	0.287
880	8	8	1.44	99846	0.998	0.998	1	0:00:13.258579	0.358	0.162
900	2	2	0.136	61213	0.612	0.607	1	0:01:12.452445	0.0806	0.0556
920	6	6	0.57	87618	0.876	0.873	1	0:00:33.153998	0.342	0.228
940	9	9	1.24	99427	0.994	0.993	1	0:00:11.481257	0.0	-0.00829
960	9	9	1.17	99130	0.991	0.99	1	0:00:08.606989	0.214	0.0999
980	2	6	0.139	61456	0.615	0.61	0	0:00:16.397779
1000	5	5	1.33	99662	0.997	0.996	1	0:00:08.475212	0.0	-0.00339
1020	1	1	1.45	99852	0.999	0.998	1	0:00:08.461216	0.0	-0.0225
1040	7	5	0.781	94313	0.943	0.941	0	0:00:16.297905
1060	9	9	1.45	99854	0.999	0.998	1	0:00:12.427915	0.0	-0.0206
1080	6	6	0.963	97450	0.975	0.973	1	0:00:17.208348	0.544	0.419
1100	7	-1	0.0	45886	0.459	0.454	0	0:00:15.699950
1120	5	5	0.0689	55969	0.56	0.555	1	0:01:16.218688	0.0404	0.0285
1140	6	6	0.621	89606	0.896	0.893	1	0:00:31.799568	0.372	0.249
1160	8	8	0.164	63334	0.633	0.629	1	0:01:05.659757	0.0943	0.0698
1180	3	3	1.1	98689	0.987	0.986	1	0:00:13.017697	0.195	0.119
1200	8	8	0.797	94687	0.947	0.945	1	0:00:22.994091	0.446	0.351
1220	9	-1	0.0	25681	0.257	0.253	0	0:00:16.336000
1240	2	6	0.869	96080	0.961	0.959	0	0:00:16.387392
1260	1	9	0.425	80606	0.806	0.802	0	0:00:16.452081
1280	3	3	0.17	63749	0.637	0.633	1	0:01:00.931644	0.101	0.0686
1300	4	3	0.622	89626	0.896	0.893	0	0:00:15.677470
1320	7	-1	0.0	46393	0.464	0.459	0	0:00:15.670011
1340	1	1	1.45	99858	0.999	0.998	1	0:00:08.517139	0.248	0.123
1360	7	7	1.37	99747	0.997	0.997	1	0:00:08.960379	0.738	0.43
1380	4	5	0.318	74206	0.742	0.738	0	0:00:15.541751
1400	5	3	0.35	76195	0.762	0.758	0	0:00:15.645511
1420	4	7	0.0902	57642	0.576	0.572	0	0:00:15.660546
1440	0	0	0.243	69081	0.691	0.686	1	0:01:03.793511	0.138	0.105
1460	6	6	1.19	99210	0.992	0.991	1	0:00:16.583030	0.514	0.217
1480	1	1	0.611	89212	0.892	0.889	1	0:00:34.290064	0.341	0.27
1500	1	1	1.39	99773	0.998	0.997	1	0:00:16.410990	0.708	0.446
1520	7	7	1.19	99206	0.992	0.991	1	0:00:17.274772	0.539	0.307
1540	8	8	1.42	99815	0.998	0.998	1	0:00:15.940558	0.27	0.0662
1560	7	7	1.91	100000	1.0	1.0	1	0:00:16.776644	0.0	-0.00427
1580	6	1	0.1	58436	0.584	0.58	0	0:00:15.464650
1600	8	9	0.116	59681	0.597	0.592	0	0:00:14.368087
1620	5	-1	0.0	44665	0.447	0.442	0	0:00:15.505341
1640	7	3	0.424	80544	0.805	0.802	0	0:00:15.631139
1660	3	3	0.11	59178	0.592	0.587	1	0:01:14.426846	0.063	0.0469
1680	6	6	1.35	99706	0.997	0.996	1	0:00:17.094797	0.845	0.473
1700	5	5	0.0668	55802	0.558	0.553	1	0:01:17.091249	0.0419	0.0249
1720	4	4	0.118	59810	0.598	0.593	1	0:01:09.216067	0.0714	0.0466
1740	1	1	0.847	95681	0.957	0.955	1	0:00:15.055444	0.487	0.36
1760	0	0	0.998	97844	0.978	0.977	1	0:00:13.355808	0.565	0.433
1780	7	7	1.09	98664	0.987	0.985	1	0:00:10.830962	0.685	0.406
1800	4	-1	0.0	48064	0.481	0.476	0	0:00:15.583428
1820	8	8	0.8	94731	0.947	0.945	1	0:00:17.585530	0.451	0.349
1840	8	-1	0.0	38021	0.38	0.375	0	0:00:15.504822
1860	8	8	1.41	99808	0.998	0.998	1	0:00:08.718754	0.401	0.301
1880	1	1	1.39	99783	0.998	0.997	1	0:00:08.667094	0.523	0.383
1900	8	8	1.67	99978	1.0	1.0	1	0:00:08.463959	0.0	0.00401
1920	2	2	1.36	99720	0.997	0.997	1	0:00:08.929111	0.517	0.345
1940	5	-1	0.0	48585	0.486	0.481	0	0:00:16.388558
1960	2	5	0.33	74970	0.75	0.745	0	0:00:15.555713
1980	9	9	1.74	99989	1.0	1.0	1	0:00:08.515672	0.316	0.157
2000	1	1	0.188	65151	0.652	0.647	1	0:00:58.510553	0.109	0.0794
2020	9	9	1.41	99811	0.998	0.998	1	0:00:08.456429	0.0	0.00318
2040	0	0	1.06	98390	0.984	0.983	1	0:00:10.824224	0.656	0.4
2060	5	3	0.608	89092	0.891	0.888	0	0:00:15.363211
2080	1	1	0.457	82335	0.823	0.82	1	0:00:40.996048	0.271	0.186
2100	2	2	0.984	97693	0.977	0.975	1	0:00:15.733151	0.605	0.379
2120	4	8	0.387	78445	0.784	0.78	0	0:00:16.386894
2140	9	9	1.23	99384	0.994	0.993	1	0:00:13.121058	0.0	0.00957
2160	0	0	0.576	87865	0.879	0.875	1	0:00:33.873435	0.334	0.242
2180	4	4	1.12	98868	0.989	0.988	1	0:00:14.512647	0.783	0.339
2200	0	-1	0.0	47378	0.474	0.469	0	0:00:15.461885
2220	1	1	1.63	99965	1.0	0.999	1	0:00:13.198778	0.0	-0.0243
2240	9	9	0.0373	53465	0.535	0.53	1	0:01:21.394082	0.0245	0.0128
2260	4	4	1.17	99149	0.991	0.991	1	0:00:09.691875	0.725	0.341
2280	4	-1	0.0	25549	0.255	0.251	0	0:00:15.448730
2300	3	-1	0.0	38885	0.389	0.384	0	0:00:15.433459
2320	5	2	0.678	91518	0.915	0.912	0	0:00:15.982654
2340	7	7	1.73	99988	1.0	1.0	1	0:00:08.452777	0.0	0.00992
2360	7	7	0.268	70818	0.708	0.704	1	0:00:56.630465	0.143	0.125
2380	8	8	1.0	97865	0.979	0.977	1	0:00:12.923311	0.0	0.0105
2400	0	0	1.06	98419	0.984	0.983	1	0:00:13.232102	0.302	0.237
2420	8	-1	0.0	32261	0.323	0.318	0	0:00:15.504826
2440	7	7	1.07	98527	0.985	0.984	1	0:00:14.442033	0.627	0.446
2460	9	-1	0.0	40916	0.409	0.404	0	0:00:15.440480
2480	8	8	1.39	99777	0.998	0.997	1	0:00:13.401674	0.39	0.199
2500	4	4	0.0923	57810	0.578	0.573	1	0:01:15.031281	0.0627	0.0296
2520	1	1	0.98	97648	0.976	0.975	1	0:00:15.288600	0.6	0.38
2540	2	-1	0.0	45812	0.458	0.453	0	0:00:15.464487
2560	7	7	0.633	90015	0.9	0.897	1	0:00:28.619181	0.365	0.268
2580	6	-1	0.0	50451	0.505	0.5	0	0:01:26.889834	0.000663	-0.000663
2600	8	8	1.52	99914	0.999	0.999	1	0:00:12.998214	0.286	0.0895
2620	1	1	0.768	94005	0.94	0.938	1	0:00:23.182652	0.44	0.328
2640	7	7	1.27	99510	0.995	0.994	1	0:00:13.194530	0.231	0.108
2660	3	5	0.0521	54634	0.546	0.541	0	0:00:15.300674
2680	0	0	1.83	99997	1.0	1.0	1	0:00:13.178959	0.0	-0.0445
2700	9	9	0.776	94204	0.942	0.94	1	0:00:22.389552	0.445	0.331
2720	3	3	0.905	96664	0.967	0.965	1	0:00:16.761677	0.57	0.335
2740	1	1	1.35	99706	0.997	0.996	1	0:00:14.095440	0.775	0.492
2760	2	2	1.04	98227	0.982	0.981	1	0:00:15.381104	0.642	0.395
2780	7	7	1.57	99942	0.999	0.999	1	0:00:12.910353	0.0	-0.0119
2800	4	4	0.171	63860	0.639	0.634	1	0:01:07.704118	0.104	0.0671
2820	6	6	1.23	99395	0.994	0.993	1	0:00:11.282197	0.0	0.00261
2840	3	3	1.91	100000	1.0	1.0	1	0:00:12.955099	0.0	-0.00427
2860	5	-1	0.0	34509	0.345	0.34	0	0:00:15.547253
2880	4	4	1.38	99761	0.998	0.997	1	0:00:13.003352	0.0	-0.0309
2900	3	5	0.0427	53889	0.539	0.534	0	0:00:15.394124
2920	2	3	0.453	82148	0.821	0.818	0	0:00:15.453253
2940	3	0	0.791	94542	0.945	0.943	0	0:00:15.461383
2960	9	9	0.73	93051	0.931	0.928	1	0:00:22.616189	0.478	0.252
2980	8	8	0.973	97571	0.976	0.974	1	0:00:18.810374	0.562	0.411
3000	5	5	1.55	99931	0.999	0.999	1	0:00:12.890752	0.288	0.107
3020	1	1	1.25	99469	0.995	0.994	1	0:00:13.309289	0.448	0.301
3040	7	7	1.91	100000	1.0	1.0	1	0:00:12.909897	0.0	-0.00427
3060	7	7	1.29	99582	0.996	0.995	1	0:00:13.572767	0.602	0.407
3080	1	1	0.611	89224	0.892	0.889	1	0:00:30.088849	0.355	0.256
3100	0	0	1.04	98230	0.982	0.981	1	0:00:12.923934	0.197	0.0521
3120	4	-1	0.0	47004	0.47	0.465	0	0:00:15.491581
3140	8	8	1.11	98792	0.988	0.987	1	0:00:13.494757	0.648	0.38
3160	6	2	0.213	66923	0.669	0.665	0	0:00:15.684147
3180	3	3	0.415	80082	0.801	0.797	1	0:00:46.214753	0.261	0.154
3200	5	7	0.0841	57163	0.572	0.567	0	0:00:16.406489
3220	3	-1	0.0	49729	0.497	0.492	0	0:00:16.408105
3240	4	-1	0.0	35618	0.356	0.352	0	0:00:16.107424
3260	7	7	1.17	99106	0.991	0.99	1	0:00:12.946503	0.207	0.125
3280	3	5	0.4	79197	0.792	0.788	0	0:00:15.444637
3300	4	4	0.495	84261	0.843	0.839	1	0:00:38.969049	0.304	0.191
3320	2	7	1.1	98708	0.987	0.986	0	0:00:15.508380
3340	6	6	0.774	94156	0.942	0.939	1	0:00:21.191503	0.474	0.3
3360	4	4	0.245	69244	0.692	0.688	1	0:01:00.190787	0.15	0.095
3380	8	8	1.2	99259	0.993	0.992	1	0:00:12.880765	0.0	0.00802
3400	6	4	0.499	84466	0.845	0.841	0	0:00:16.035996
3420	5	3	0.148	62148	0.621	0.617	0	0:00:16.421531
3440	2	3	0.441	81511	0.815	0.811	0	0:00:16.433881
3460	1	1	0.91	96745	0.967	0.966	1	0:00:13.309280	0.269	0.174
3480	2	2	1.77	99993	1.0	1.0	1	0:00:12.904597	0.0	-0.0275
3500	1	1	0.72	92775	0.928	0.925	1	0:00:22.047219	0.408	0.312
3520	1	1	1.46	99866	0.999	0.998	1	0:00:08.486861	0.0	0.00114
3540	6	6	0.922	96907	0.969	0.967	1	0:00:08.786508	0.164	0.0995
3560	1	-1	0.0	45366	0.454	0.449	0	0:00:15.485222
3580	4	4	0.172	63947	0.639	0.635	1	0:01:05.254185	0.1	0.0722
3600	4	2	0.946	97234	0.972	0.971	0	0:00:15.445742
3620	0	-1	0.0	42353	0.424	0.419	0	0:00:15.619871
3640	6	2	0.473	83147	0.831	0.828	0	0:00:16.408985
3660	0	0	1.2	99247	0.992	0.992	1	0:00:14.366850	0.718	0.471
3680	0	-1	0.0	32004	0.32	0.315	0	0:00:16.374852
3700	3	3	1.04	98233	0.982	0.981	1	0:00:15.538316	0.646	0.391
3720	2	2	1.34	99681	0.997	0.996	1	0:00:13.109212	0.0	-0.0145
3740	0	0	1.18	99201	0.992	0.991	1	0:00:13.556363	0.438	0.269
3760	7	7	1.4	99791	0.998	0.997	1	0:00:13.372904	0.252	0.139
3780	4	4	0.33	74973	0.75	0.745	1	0:00:53.066845	0.214	0.116
3800	9	9	0.909	96717	0.967	0.965	1	0:00:19.985964	0.578	0.331
3820	0	0	0.00939	51238	0.512	0.507	1	0:01:21.471782	0.00625	0.00314
3840	6	3	0.436	81222	0.812	0.808	0	0:00:16.386476
3860	7	7	1.87	99999	1.0	1.0	1	0:00:12.882915	0.0	-0.0404
3880	6	-1	0.0	45164	0.452	0.447	0	0:00:16.252002
3900	3	6	0.539	86285	0.863	0.859	0	0:00:15.339251
3920	7	-1	0.0	26275	0.263	0.258	0	0:00:15.350240
3940	6	-1	0.0	30201	0.302	0.298	0	0:00:15.450847
3960	2	2	1.3	99610	0.996	0.995	1	0:00:12.892082	0.371	0.194
3980	9	9	0.427	80722	0.807	0.803	1	0:00:44.800565	0.248	0.179
4000	8	0	0.00392	50802	0.508	0.503	0	0:00:15.527517
4020	8	8	0.675	91422	0.914	0.911	1	0:00:26.306685	0.394	0.281
4040	0	0	1.83	99997	1.0	1.0	1	0:00:12.449268	0.0	-0.0845
4060	6	6	0.413	79952	0.8	0.796	1	0:00:45.771091	0.226	0.187
4080	1	1	1.15	99004	0.99	0.989	1	0:00:13.739499	0.501	0.318
4100	7	7	1.91	100000	1.0	1.0	1	0:00:12.886436	0.0	-0.00427
4120	4	4	1.13	98930	0.989	0.988	1	0:00:13.917007	0.574	0.356
4140	5	5	1.05	98347	0.983	0.982	1	0:00:13.907029	0.601	0.265
4160	5	-1	0.0	46644	0.466	0.462	0	0:00:15.456359
4180	0	0	0.142	61628	0.616	0.612	1	0:01:09.198620	0.0821	0.0595
4200	4	2	0.0149	51678	0.517	0.512	0	0:00:15.516991
4220	4	0	1.1	98750	0.988	0.986	0	0:00:15.643215
4240	7	0	0.371	77527	0.775	0.771	0	0:00:15.597347
4260	8	8	1.26	99491	0.995	0.994	1	0:00:13.219253	0.242	0.0513
4280	8	-1	0.0	45495	0.455	0.45	0	0:00:16.399300
4300	8	8	1.11	98779	0.988	0.987	1	0:00:13.346105	0.302	0.0784
4320	1	-1	0.0	47996	0.48	0.475	0	0:00:16.458818
4340	0	0	1.13	98938	0.989	0.988	1	0:00:13.350576	0.33	0.219
4360	6	9	0.0659	55732	0.557	0.552	0	0:00:15.466583
4380	9	9	0.894	96497	0.965	0.963	1	0:00:16.277856	0.513	0.381
4400	3	-1	0.0	35913	0.359	0.354	0	0:00:15.485682
4420	5	5	0.45	81996	0.82	0.816	1	0:00:39.885721	0.284	0.166
4440	2	2	0.587	88311	0.883	0.88	1	0:00:31.900797	0.353	0.234
4460	9	9	0.614	89350	0.893	0.89	1	0:00:30.980804	0.361	0.253
4480	9	9	1.39	99779	0.998	0.997	1	0:00:12.933702	0.0	-0.00943
4500	3	5	0.399	79176	0.792	0.788	0	0:00:15.883459
4520	3	6	0.251	69666	0.697	0.692	0	0:00:16.412482
4540	9	9	1.52	99911	0.999	0.999	1	0:00:13.175871	0.0	0.00514
4560	1	1	1.28	99540	0.995	0.995	1	0:00:12.372869	0.371	0.178
4580	6	-1	0.0	42223	0.422	0.417	0	0:00:15.933300
4600	4	7	0.111	59263	0.593	0.588	0	0:00:15.349092
4620	7	3	0.215	67094	0.671	0.666	0	0:00:15.510926
4640	2	2	0.499	84459	0.845	0.841	1	0:00:37.972227	0.301	0.198
4660	7	7	0.236	68640	0.686	0.682	1	0:00:58.589380	0.13	0.106
4680	9	-1	0.0	46736	0.467	0.462	0	0:01:24.953865	0.0214	-0.0214
4700	6	-1	0.0	42144	0.421	0.417	0	0:00:15.550148
4720	8	8	0.287	72143	0.721	0.717	1	0:00:55.230444	0.167	0.12
4740	5	3	0.612	89274	0.893	0.89	0	0:00:16.431088
4760	3	-1	0.0	43058	0.431	0.426	0	0:00:16.416254
4780	0	0	1.15	99005	0.99	0.989	1	0:00:14.026734	0.675	0.358
4800	9	9	1.91	100000	1.0	1.0	1	0:00:13.391423	0.0	-0.00427
4820	3	3	1.05	98369	0.984	0.982	1	0:00:13.284781	0.307	0.101
4840	0	0	1.67	99976	1.0	1.0	1	0:00:13.063940	0.0	-0.0847
4860	5	5	1.18	99156	0.992	0.991	1	0:00:13.577282	0.442	0.332
4880	0	-1	0.0	28727	0.287	0.283	0	0:00:15.369029
4900	3	-1	0.0	48524	0.485	0.48	0	0:00:14.052841
4920	7	7	1.42	99822	0.998	0.998	1	0:00:13.069710	0.0	0.00171
4940	6	6	0.271	71058	0.711	0.706	1	0:00:53.807509	0.163	0.108
4960	4	3	0.0922	57799	0.578	0.573	0	0:00:16.428744
4980	1	9	0.551	86799	0.868	0.865	0	0:00:16.380977
5000	7	7	1.91	100000	1.0	1.0	1	0:00:12.831462	0.0	-0.00427
5020	8	8	1.35	99707	0.997	0.997	1	0:00:12.833004	0.0	-0.00146
5040	3	3	0.0667	55794	0.558	0.553	1	0:01:17.855610	0.0372	0.0295
5060	6	6	0.339	75550	0.755	0.751	1	0:00:47.006856	0.199	0.14
5080	7	7	1.35	99715	0.997	0.997	1	0:00:08.475996	0.0	-0.0173
5100	3	3	1.34	99682	0.997	0.996	1	0:00:08.486930	0.0	-0.00397
5120	9	9	0.817	95095	0.951	0.949	1	0:00:18.665669	0.479	0.338
5140	8	8	1.21	99326	0.993	0.992	1	0:00:09.326492	0.614	0.341
5160	0	0	0.95	97291	0.973	0.971	1	0:00:16.527766	0.563	0.387
5180	9	-1	0.0	49093	0.491	0.486	0	0:00:16.398055
5200	3	3	1.32	99656	0.997	0.996	1	0:00:13.202751	0.0	-0.00612
5220	0	0	1.02	98022	0.98	0.979	1	0:00:15.545769	0.665	0.35
5240	1	-1	0.0	50119	0.501	0.496	0	0:00:15.456759
5260	0	0	1.65	99972	1.0	1.0	1	0:00:13.162560	0.0	-0.0305
5280	0	-1	0.0	47695	0.477	0.472	0	0:00:15.436967
5300	9	9	0.958	97396	0.974	0.972	1	0:00:14.920201	0.508	0.355
5320	7	7	1.28	99559	0.996	0.995	1	0:00:13.519761	0.468	0.345
5340	3	4	1.02	98054	0.981	0.979	0	0:00:15.508610
5360	9	9	1.31	99612	0.996	0.995	1	0:00:13.503082	0.386	0.185
5380	1	9	0.458	82389	0.824	0.82	0	0:00:16.214777
5400	9	9	1.19	99207	0.992	0.991	1	0:00:13.393461	0.332	0.228
5420	6	6	1.16	99065	0.991	0.99	1	0:00:15.016215	0.673	0.484
5440	9	9	1.91	100000	1.0	1.0	1	0:00:13.304426	0.0	-0.00427
5460	0	0	1.73	99988	1.0	1.0	1	0:00:13.204097	0.0	-0.0401
5480	1	1	1.01	97933	0.979	0.978	1	0:00:15.894960	0.591	0.415
5500	8	8	0.795	94631	0.946	0.944	1	0:00:24.052614	0.476	0.319
5520	4	-1	0.0	48358	0.484	0.479	0	0:00:15.384585
5540	5	-1	0.0	34767	0.348	0.343	0	0:00:15.474769
5560	3	-1	0.0	49275	0.493	0.488	0	0:00:15.234634
5580	5	3	0.122	60132	0.601	0.597	0	0:00:15.326773
5600	6	-1	0.0	31047	0.31	0.306	0	0:00:15.823081
5620	3	4	0.0985	58290	0.583	0.578	0	0:00:16.379446
5640	2	2	0.854	95822	0.958	0.956	1	0:00:18.706506	0.489	0.365
5660	9	9	0.601	88845	0.888	0.885	1	0:00:30.382020	0.347	0.254
5680	2	3	0.414	80025	0.8	0.796	0	0:00:15.940660
5700	3	-1	0.0	46482	0.465	0.46	0	0:00:15.329253
5720	9	9	1.52	99914	0.999	0.999	1	0:00:13.020911	0.0	0.0195
5740	6	6	0.7	92182	0.922	0.919	1	0:00:27.425829	0.372	0.328
5760	2	2	0.385	78351	0.784	0.779	1	0:00:46.149456	0.237	0.148
5780	7	7	1.84	99998	1.0	1.0	1	0:00:13.151085	0.0	0.0348
5800	2	2	0.318	74181	0.742	0.738	1	0:00:54.722353	0.184	0.134
5820	5	5	0.447	81832	0.818	0.815	1	0:00:40.631740	0.265	0.182
5840	2	2	0.761	93833	0.938	0.936	1	0:00:24.719593	0.454	0.307
5860	0	0	0.241	68968	0.69	0.685	1	0:00:57.917320	0.14	0.101
5880	0	0	1.22	99347	0.993	0.993	1	0:00:13.256550	0.0	0.0097
5900	4	-1	0.0	39535	0.395	0.391	0	0:00:16.067646
5920	8	8	1.91	100000	1.0	1.0	1	0:00:13.025067	0.0	-0.00427
5940	7	4	0.144	61771	0.618	0.613	0	0:00:15.326849
5960	2	6	0.153	62509	0.625	0.62	0	0:00:15.373029
5980	9	9	1.75	99990	1.0	1.0	1	0:00:13.035255	0.0	0.0551
6000	8	8	0.193	65460	0.655	0.65	1	0:01:02.512278	0.114	0.0786
6020	6	6	1.03	98121	0.981	0.98	1	0:00:14.369228	0.546	0.295
6040	2	5	0.000538	50532	0.505	0.5	0	0:00:16.389574
6060	3	3	0.0329	53114	0.531	0.526	1	0:01:20.616283	0.019	0.0139
6080	1	1	1.11	98811	0.988	0.987	1	0:00:14.097503	0.625	0.488
6100	1	1	1.25	99469	0.995	0.994	1	0:00:11.246222	0.23	0.104
6120	5	5	1.1	98722	0.987	0.986	1	0:00:13.890288	0.574	0.365
6140	9	9	1.28	99534	0.995	0.995	1	0:00:13.205675	0.442	0.226
6160	2	2	0.435	81165	0.812	0.808	1	0:00:40.171629	0.254	0.181
6180	0	0	1.07	98534	0.985	0.984	1	0:00:13.951037	0.625	0.436
6200	3	3	0.782	94335	0.943	0.941	1	0:00:23.914471	0.488	0.294
6220	2	5	0.18	64558	0.646	0.641	0	0:00:15.958380
6240	2	2	0.125	60385	0.604	0.599	1	0:01:12.083419	0.0778	0.0477
6260	2	-1	0.0	35327	0.353	0.349	0	0:00:16.447861
6280	8	-1	0.0	46400	0.464	0.459	0	0:00:16.393145
6300	1	1	0.849	95734	0.957	0.955	1	0:00:21.132758	0.486	0.363
6320	0	0	0.985	97706	0.977	0.976	1	0:00:15.934752	0.586	0.399
6340	3	3	1.2	99263	0.993	0.992	1	0:00:13.774003	0.674	0.378
6360	2	2	0.325	74674	0.747	0.742	1	0:00:50.032474	0.192	0.133
6380	3	-1	0.0	49741	0.497	0.493	0	0:00:15.653167
6400	0	-1	0.0	38636	0.386	0.382	0	0:00:15.554155
6420	7	7	1.65	99972	1.0	1.0	1	0:00:12.774252	0.0	-0.0205
6440	3	-1	0.0	29255	0.293	0.288	0	0:00:15.659752
6460	3	3	0.461	82558	0.826	0.822	1	0:00:41.738140	0.291	0.17
6480	0	0	1.13	98896	0.989	0.988	1	0:00:12.562459	0.652	0.475
6500	7	-1	0.0	32274	0.323	0.318	0	0:00:16.414925
6520	6	-1	0.0	39462	0.395	0.39	0	0:00:15.854522
6540	8	8	1.37	99754	0.998	0.997	1	0:00:09.262722	0.799	0.526
6560	6	6	0.791	94545	0.945	0.943	1	0:00:15.965908	0.469	0.322
6580	1	1	0.222	67606	0.676	0.671	1	0:01:02.234159	0.129	0.093
6600	7	7	1.66	99974	1.0	1.0	1	0:00:13.210374	0.0	-0.0128
6620	7	7	1.21	99318	0.993	0.992	1	0:00:13.148939	0.0	0.0123
6640	5	3	0.82	95168	0.952	0.95	0	0:00:15.501131
6660	0	0	1.35	99705	0.997	0.996	1	0:00:13.381192	0.49	0.308
6680	3	3	0.576	87872	0.879	0.875	1	0:00:32.733853	0.323	0.253
6700	6	6	0.392	78775	0.788	0.784	1	0:00:45.753565	0.217	0.175
6720	2	2	0.712	92525	0.925	0.923	1	0:00:25.734913	0.431	0.281
6740	2	2	0.602	88874	0.889	0.886	1	0:00:26.971522	0.348	0.254
6760	5	5	1.18	99183	0.992	0.991	1	0:00:13.522968	0.212	0.121
6780	7	7	1.52	99911	0.999	0.999	1	0:00:13.062607	0.0	-0.0149
6800	6	-1	0.0	47348	0.473	0.469	0	0:00:15.419102
6820	1	1	1.71	99985	1.0	1.0	1	0:00:13.067163	0.0	0.0303
6840	9	9	1.11	98815	0.988	0.987	1	0:00:14.266311	0.64	0.442
6860	0	0	0.601	88854	0.889	0.885	1	0:00:30.340463	0.336	0.265
6880	2	2	0.96	97419	0.974	0.973	1	0:00:17.488652	0.56	0.399
6900	3	-1	0.0	39726	0.397	0.392	0	0:00:16.401398
6920	5	-1	0.0	45480	0.455	0.45	0	0:00:16.412456
6940	1	1	1.91	100000	1.0	1.0	1	0:00:13.167840	0.0	0.0357
6960	9	9	0.113	59421	0.594	0.589	1	0:01:13.663728	0.0655	0.0475
6980	0	-1	0.0	43778	0.438	0.433	0	0:00:15.407852
7000	2	0	0.123	60192	0.602	0.597	0	0:00:15.680977
7020	7	7	1.47	99873	0.999	0.998	1	0:00:12.973826	0.0	0.0184
7040	7	-1	0.0	37779	0.378	0.373	0	0:00:15.521541
7060	8	8	1.1	98690	0.987	0.986	1	0:00:14.188283	0.65	0.445
7080	5	4	0.403	79379	0.794	0.79	0	0:00:15.418242
7100	9	-1	0.0	47682	0.477	0.472	0	0:00:15.649472
7120	7	5	0.236	68588	0.686	0.681	0	0:00:16.457864
7140	4	-1	0.0	40455	0.405	0.4	0	0:00:16.235094
7160	5	5	1.21	99299	0.993	0.992	1	0:00:13.462725	0.46	0.247
7180	6	6	1.25	99441	0.994	0.994	1	0:00:13.724036	0.736	0.51
7200	4	-1	0.0	37097	0.371	0.366	0	0:00:15.569571
7220	9	9	1.31	99634	0.996	0.996	1	0:00:13.261323	0.39	0.274
7240	0	0	0.155	62626	0.626	0.622	1	0:01:07.036110	0.0952	0.0595
7260	1	1	0.823	95214	0.952	0.95	1	0:00:21.931739	0.476	0.346
7280	1	9	0.382	78151	0.782	0.777	0	0:00:15.475999
7300	3	4	0.444	81675	0.817	0.813	0	0:00:15.877337
7320	8	8	0.75	93556	0.936	0.933	1	0:00:25.298385	0.42	0.33
7340	2	4	0.143	61766	0.618	0.613	0	0:00:16.395723
7360	2	-1	0.0	34265	0.343	0.338	0	0:00:16.387309
7380	7	7	1.13	98926	0.989	0.988	1	0:00:13.398522	0.435	0.223
7400	3	3	1.14	98958	0.99	0.989	1	0:00:14.458511	0.655	0.483
7420	3	4	0.116	59670	0.597	0.592	0	0:00:15.307842
7440	3	3	0.932	97052	0.971	0.969	1	0:00:16.219787	0.578	0.354
7460	5	5	1.14	98966	0.99	0.989	1	0:00:12.971814	0.0	-0.00106
7480	1	8	0.612	89262	0.893	0.89	0	0:00:15.615487
7500	6	6	1.91	100000	1.0	1.0	1	0:00:12.818183	0.0	-0.00427
7520	4	4	0.305	73310	0.733	0.729	1	0:00:54.020570	0.202	0.103
7540	5	5	1.55	99930	0.999	0.999	1	0:00:13.150010	0.278	0.155
7560	0	0	0.798	94705	0.947	0.945	1	0:00:23.466276	0.487	0.311
7580	8	8	1.26	99492	0.995	0.994	1	0:00:13.396644	0.34	0.152
7600	8	9	0.295	72709	0.727	0.723	0	0:00:16.389822
7620	5	3	0.206	66459	0.665	0.66	0	0:00:15.480329
7640	9	9	0.109	59139	0.591	0.587	1	0:01:13.423130	0.061	0.0484
7660	7	-1	0.0	36526	0.365	0.361	0	0:00:15.253014
7680	3	-1	0.0	38907	0.389	0.384	0	0:00:15.531442
7700	6	6	1.21	99311	0.993	0.992	1	0:00:13.037859	0.0	0.0105
7720	5	-1	0.0	34777	0.348	0.343	0	0:00:15.415731
7740	4	4	0.381	78086	0.781	0.777	1	0:00:46.759418	0.24	0.141
7760	2	9	0.239	68796	0.688	0.683	0	0:00:16.353369
7780	3	-1	0.0	36090	0.361	0.356	0	0:00:16.378194
7800	0	0	0.963	97447	0.974	0.973	1	0:00:13.192796	0.192	0.00355
7820	5	5	0.464	82712	0.827	0.823	1	0:00:41.326047	0.286	0.178
7840	1	1	1.6	99957	1.0	0.999	1	0:00:12.271603	0.298	0.0929
7860	8	8	0.64	90263	0.903	0.9	1	0:00:27.272667	0.381	0.259
7880	0	0	0.419	80271	0.803	0.799	1	0:00:40.199697	0.23	0.189
7900	0	8	0.0963	58123	0.581	0.576	0	0:00:15.462439
7920	9	9	0.633	90038	0.9	0.897	1	0:00:27.952215	0.379	0.254
7940	2	-1	0.0	37938	0.379	0.375	0	0:00:15.348962
7960	0	0	0.765	93946	0.939	0.937	1	0:00:22.247268	0.457	0.308
7980	3	3	0.547	86617	0.866	0.863	1	0:00:32.588194	0.337	0.21
8000	9	9	0.967	97496	0.975	0.973	1	0:00:12.794998	0.0	-0.00939
8020	6	3	0.615	89383	0.894	0.891	0	0:00:16.380901
8040	2	2	1.07	98503	0.985	0.984	1	0:00:12.860938	0.0	-0.0102
8060	6	6	1.06	98390	0.984	0.983	1	0:00:10.050438	0.555	0.321
8080	4	-1	0.0	48685	0.487	0.482	0	0:00:15.285130
8100	6	-1	0.0	42941	0.429	0.425	0	0:00:15.389277
8120	8	9	0.669	91239	0.912	0.91	0	0:00:15.345024
8140	5	-1	0.0	36959	0.37	0.365	0	0:00:15.144223
8160	6	6	1.08	98615	0.986	0.985	1	0:00:08.492417	0.0	-0.00535
8180	4	4	0.281	71763	0.718	0.713	1	0:00:56.178273	0.178	0.103
8200	3	4	0.352	76347	0.763	0.759	0	0:00:16.399138
8220	6	-1	0.0	35539	0.355	0.351	0	0:00:15.110237
8240	7	7	1.63	99965	1.0	0.999	1	0:00:13.144894	0.0	-0.0443
8260	1	1	1.91	100000	1.0	1.0	1	0:00:13.258009	0.0	0.0357
8280	4	5	0.116	59627	0.596	0.591	0	0:00:15.484516
8300	5	-1	0.0	42219	0.422	0.417	0	0:00:15.411831
8320	7	-1	0.0	49426	0.494	0.489	0	0:00:15.301536
8340	5	3	0.453	82129	0.821	0.818	0	0:00:15.668532
8360	7	7	1.54	99928	0.999	0.999	1	0:00:13.120181	0.0	0.0218
8380	9	9	1.21	99317	0.993	0.992	1	0:00:13.258667	0.228	0.072
8400	0	-1	0.0	47489	0.475	0.47	0	0:00:16.389837
8420	3	6	0.533	86008	0.86	0.857	0	0:00:15.747186
8440	5	5	0.139	61396	0.614	0.609	1	0:01:08.436362	0.0794	0.0592
8460	8	8	1.4	99798	0.998	0.998	1	0:00:13.324476	0.252	0.144
8480	2	2	0.721	92796	0.928	0.925	1	0:00:26.445237	0.474	0.247
8500	4	4	1.05	98309	0.983	0.982	1	0:00:12.813472	0.61	0.329
8520	8	8	0.521	85468	0.855	0.851	1	0:00:36.093811	0.296	0.225
8540	4	-1	0.0	45329	0.453	0.448	0	0:00:15.301577
8560	7	7	1.33	99669	0.997	0.996	1	0:00:13.190916	0.378	0.29
8580	3	-1	0.0	49260	0.493	0.488	0	0:00:16.415635
8600	3	3	0.621	89599	0.896	0.893	1	0:00:29.020660	0.37	0.251
8620	3	-1	0.0	41266	0.413	0.408	0	0:00:16.370939
8640	1	1	1.22	99351	0.994	0.993	1	0:00:13.092047	0.348	0.221
8660	7	7	1.39	99775	0.998	0.997	1	0:00:13.166571	0.373	0.218
8680	3	-1	0.0	31342	0.313	0.309	0	0:00:15.253689
8700	3	3	0.907	96701	0.967	0.965	1	0:00:18.323962	0.516	0.391
8720	2	0	1.26	99475	0.995	0.994	0	0:00:15.350605
8740	2	2	0.49	84006	0.84	0.836	1	0:00:38.733799	0.304	0.186
8760	8	8	1.47	99877	0.999	0.998	1	0:00:13.252565	0.0	-0.00728
8780	4	4	0.566	87446	0.874	0.871	1	0:00:32.023732	0.355	0.211
8800	0	0	1.36	99729	0.997	0.997	1	0:00:13.073552	0.0	-0.0197
8820	2	2	1.91	100000	1.0	1.0	1	0:00:12.882288	0.0	0.0757
8840	2	-1	0.0	35706	0.357	0.352	0	0:00:15.889841
8860	2	2	1.39	99771	0.998	0.997	1	0:00:13.750960	0.687	0.413
8880	1	1	1.29	99576	0.996	0.995	1	0:00:13.585182	0.479	0.361
8900	2	4	0.242	69034	0.69	0.686	0	0:00:15.510114
8920	6	6	1.07	98530	0.985	0.984	1	0:00:13.437861	0.318	0.177
8940	6	3	0.654	90744	0.907	0.905	0	0:00:15.619673
8960	0	0	1.08	98557	0.986	0.984	1	0:00:13.581953	0.314	0.169
8980	9	9	1.78	99994	1.0	1.0	1	0:00:12.956292	0.0	-0.0265
9000	8	8	1.91	100000	1.0	1.0	1	0:00:13.027955	0.0	-0.00427
9020	7	7	1.16	99078	0.991	0.99	1	0:00:14.099589	0.52	0.39
9040	2	5	0.217	67229	0.672	0.668	0	0:00:16.426529
9060	9	9	0.953	97334	0.973	0.972	1	0:00:10.884398	0.167	0.114
9080	3	3	0.286	72058	0.721	0.716	1	0:00:57.016491	0.18	0.106
9100	9	1	0.124	60257	0.603	0.598	0	0:00:15.527893
9120	3	-1	0.0	41848	0.418	0.414	0	0:00:15.440396
9140	7	7	0.0599	55254	0.553	0.548	1	0:01:18.065700	0.0348	0.0251
9160	5	3	0.452	82065	0.821	0.817	0	0:00:15.600028
9180	5	5	1.5	99901	0.999	0.999	1	0:00:12.845966	0.0	0.00141
9200	8	8	1.37	99749	0.997	0.997	1	0:00:13.123115	0.0	-0.0282
9220	8	8	1.61	99960	1.0	0.999	1	0:00:12.959648	0.0	-0.019
9240	8	8	1.17	99127	0.991	0.99	1	0:00:14.236928	0.748	0.421
9260	5	5	0.951	97301	0.973	0.971	1	0:00:15.224543	0.582	0.349
9280	9	-1	0.0	43928	0.439	0.434	0	0:00:16.395026
9300	5	-1	0.0	33982	0.34	0.335	0	0:00:15.625730
9320	9	9	1.13	98907	0.989	0.988	1	0:00:12.910551	0.0	-0.0112
9340	1	1	1.84	99998	1.0	1.0	1	0:00:13.081082	0.0	-0.0252
9360	5	0	0.00591	50961	0.51	0.505	0	0:00:15.240816
9380	5	3	0.606	89041	0.89	0.887	0	0:00:15.300666
9400	6	6	0.919	96876	0.969	0.967	1	0:00:10.934547	0.35	0.209
9420	5	5	1.24	99430	0.994	0.994	1	0:00:13.451107	0.226	0.113
9440	8	8	1.49	99894	0.999	0.999	1	0:00:13.174935	0.0	-0.0275
9460	3	7	0.516	85251	0.853	0.849	0	0:00:15.819693
9480	2	2	0.0469	54228	0.542	0.537	1	0:01:16.190579	0.0222	0.0247
9500	9	9	1.04	98273	0.983	0.981	1	0:00:14.123431	0.591	0.386
9520	1	1	1.17	99146	0.991	0.991	1	0:00:13.433938	0.436	0.302
9540	5	5	0.372	77592	0.776	0.772	1	0:00:46.604642	0.204	0.168
9560	9	7	0.356	76574	0.766	0.762	0	0:00:15.448957
9580	1	1	1.12	98831	0.988	0.987	1	0:00:14.214061	0.57	0.427
9600	8	8	0.865	96020	0.96	0.958	1	0:00:14.356066	0.337	0.258
9620	4	4	0.736	93210	0.932	0.93	1	0:00:23.910122	0.433	0.303
9640	5	-1	0.0	32805	0.328	0.323	0	0:00:16.435766
9660	6	6	1.71	99985	1.0	1.0	1	0:00:12.937640	0.0	-0.0297
9680	8	8	1.56	99937	0.999	0.999	1	0:00:13.038449	0.0	0.0381
9700	0	0	1.15	99001	0.99	0.989	1	0:00:13.049969	0.218	0.0552
9720	8	1	0.0219	52232	0.522	0.517	0	0:00:15.421764
9740	3	6	0.316	74047	0.74	0.736	0	0:00:15.434827
9760	9	-1	0.0	40993	0.41	0.405	0	0:00:15.541457
9780	4	6	0.0352	53292	0.533	0.528	0	0:00:15.357276
9800	1	1	1.87	99999	1.0	1.0	1	0:00:13.107258	0.0	-0.0404
9820	0	8	0.334	75228	0.752	0.748	0	0:00:16.063293
9840	4	-1	0.0	47267	0.473	0.468	0	0:00:16.391671
9860	0	5	0.161	63098	0.631	0.626	0	0:00:16.450117
9880	7	7	0.38	78070	0.781	0.777	1	0:00:48.114235	0.209	0.171
9900	8	8	0.943	97203	0.972	0.97	1	0:00:16.840770	0.564	0.379
9920	6	6	1.16	99096	0.991	0.99	1	0:00:14.041174	0.631	0.355
9940	4	5	0.257	70064	0.701	0.696	0	0:00:15.521656
9960	2	0	1.33	99671	0.997	0.996	0	0:00:15.434921
9980	0	0	1.67	99976	1.0	1.0	1	0:00:13.033696	0.0	-0.0147
