idx	label	predict	radius	nA	pAPrime	pABar	correct	time
0	3	3	0.489	83962	0.84	0.836	1	0:00:20.618600
20	7	7	0.408	79688	0.797	0.793	1	0:00:15.469951
40	4	4	0.31	73643	0.736	0.732	1	0:00:15.554476
60	7	7	1.21	99296	0.993	0.992	1	0:00:15.624744
80	8	8	1.2	99247	0.992	0.992	1	0:00:15.456849
100	4	-1	0.0	34623	0.346	0.342	0	0:00:16.065298
120	8	8	0.222	67619	0.676	0.672	1	0:00:16.397847
140	6	6	0.366	77178	0.772	0.768	1	0:00:16.434240
160	2	2	0.273	71171	0.712	0.707	1	0:00:16.397904
180	0	0	0.942	97192	0.972	0.97	1	0:00:15.536283
200	5	5	0.279	71631	0.716	0.712	1	0:00:15.527629
220	7	7	1.36	99723	0.997	0.997	1	0:00:15.488714
240	1	1	1.87	99999	1.0	1.0	1	0:00:15.531904
260	8	8	0.00632	50993	0.51	0.505	1	0:00:15.606026
280	9	9	1.04	98269	0.983	0.981	1	0:00:15.414771
300	6	6	0.678	91508	0.915	0.912	1	0:00:15.502741
320	3	3	0.593	88525	0.885	0.882	1	0:00:15.638462
340	2	4	0.171	63843	0.638	0.634	0	0:00:16.383978
360	9	9	0.3	73039	0.73	0.726	1	0:00:16.420201
380	6	6	0.449	81918	0.819	0.815	1	0:00:16.385118
400	9	9	1.16	99089	0.991	0.99	1	0:00:15.434944
420	4	4	0.8	94751	0.948	0.945	1	0:00:15.617955
440	1	1	0.443	81574	0.816	0.812	1	0:00:15.614928
460	5	5	1.13	98927	0.989	0.988	1	0:00:15.270708
480	8	9	0.558	87105	0.871	0.868	0	0:00:15.522712
500	4	6	0.375	77733	0.777	0.773	0	0:00:14.372129
520	5	5	0.318	74188	0.742	0.738	1	0:00:16.423799
540	1	1	0.684	91709	0.917	0.914	1	0:00:16.391732
560	0	0	1.36	99732	0.997	0.997	1	0:00:16.399087
580	4	4	0.504	84696	0.847	0.843	1	0:00:15.792744
600	8	8	1.14	98980	0.99	0.989	1	0:00:15.463811
620	7	7	0.48	83501	0.835	0.831	1	0:00:15.589967
640	5	3	0.923	96931	0.969	0.968	0	0:00:15.569599
660	9	9	0.829	95344	0.953	0.951	1	0:00:15.496527
680	9	9	0.111	59297	0.593	0.588	1	0:00:15.535707
700	7	7	0.789	94504	0.945	0.943	1	0:00:15.473947
720	4	-1	0.0	38624	0.386	0.381	0	0:00:15.492699
740	2	3	0.0558	54933	0.549	0.544	0	0:00:16.229863
760	3	3	0.186	64951	0.65	0.645	1	0:00:16.402995
780	9	9	0.359	76764	0.768	0.763	1	0:00:16.435684
800	7	7	1.84	99998	1.0	1.0	1	0:00:16.392142
820	6	-1	0.0	44139	0.441	0.437	0	0:00:15.454743
840	7	7	1.76	99992	1.0	1.0	1	0:00:15.520899
860	4	4	0.394	78868	0.789	0.785	1	0:00:15.388468
880	8	8	1.28	99551	0.996	0.995	1	0:00:15.413658
900	2	2	0.0806	56889	0.569	0.564	1	0:00:15.260232
920	6	6	0.342	75703	0.757	0.753	1	0:00:15.352420
940	9	9	1.25	99446	0.994	0.994	1	0:00:15.742146
960	9	9	1.07	98539	0.985	0.984	1	0:00:16.040985
980	2	6	0.139	61456	0.615	0.61	0	0:00:16.397779
1000	5	5	1.33	99667	0.997	0.996	1	0:00:16.411994
1020	1	1	1.47	99879	0.999	0.998	1	0:00:16.481697
1040	7	5	0.781	94313	0.943	0.941	0	0:00:16.297905
1060	9	9	1.47	99879	0.999	0.998	1	0:00:15.635696
1080	6	6	0.544	86491	0.865	0.862	1	0:00:15.635165
1100	7	-1	0.0	45886	0.459	0.454	0	0:00:15.699950
1120	5	5	0.0404	53706	0.537	0.532	1	0:00:15.684220
1140	6	6	0.372	77568	0.776	0.772	1	0:00:15.518420
1160	8	8	0.0943	57962	0.58	0.575	1	0:00:15.437723
1180	3	3	0.976	97608	0.976	0.975	1	0:00:15.322490
1200	8	8	0.446	81760	0.818	0.814	1	0:00:15.416460
1220	9	-1	0.0	25681	0.257	0.253	0	0:00:16.336000
1240	2	6	0.869	96080	0.961	0.959	0	0:00:16.387392
1260	1	9	0.425	80606	0.806	0.802	0	0:00:16.452081
1280	3	3	0.101	58455	0.585	0.58	1	0:00:16.395223
1300	4	3	0.622	89626	0.896	0.893	0	0:00:15.677470
1320	7	-1	0.0	46393	0.464	0.459	0	0:00:15.670011
1340	1	1	1.33	99675	0.997	0.996	1	0:00:15.597824
1360	7	7	0.941	97177	0.972	0.97	1	0:00:15.607586
1380	4	5	0.318	74206	0.742	0.738	0	0:00:15.541751
1400	5	3	0.35	76195	0.762	0.758	0	0:00:15.645511
1420	4	7	0.0902	57642	0.576	0.572	0	0:00:15.660546
1440	0	0	0.138	61375	0.614	0.609	1	0:00:15.397660
1460	6	6	0.97	97534	0.975	0.974	1	0:00:15.875431
1480	1	1	0.341	75658	0.757	0.752	1	0:00:16.384601
1500	1	1	0.941	97176	0.972	0.97	1	0:00:16.454747
1520	7	7	0.879	96251	0.963	0.961	1	0:00:16.413880
1540	8	8	1.35	99712	0.997	0.997	1	0:00:15.556621
1560	7	7	1.91	100000	1.0	1.0	1	0:00:15.446750
1580	6	1	0.1	58436	0.584	0.58	0	0:00:15.464650
1600	8	9	0.116	59681	0.597	0.592	0	0:00:14.368087
1620	5	-1	0.0	44665	0.447	0.442	0	0:00:15.505341
1640	7	3	0.424	80544	0.805	0.802	0	0:00:15.631139
1660	3	3	0.063	55501	0.555	0.55	1	0:00:16.377030
1680	6	6	0.875	96180	0.962	0.96	1	0:00:16.414402
1700	5	5	0.0419	53826	0.538	0.533	1	0:00:16.455664
1720	4	4	0.0714	56167	0.562	0.557	1	0:00:16.378529
1740	1	1	0.487	83850	0.839	0.835	1	0:00:15.600242
1760	0	0	0.565	87417	0.874	0.871	1	0:00:15.395467
1780	7	7	0.685	91748	0.917	0.915	1	0:00:15.427952
1800	4	-1	0.0	48064	0.481	0.476	0	0:00:15.583428
1820	8	8	0.451	82023	0.82	0.816	1	0:00:15.519202
1840	8	-1	0.0	38021	0.38	0.375	0	0:00:15.504822
1860	8	8	1.11	98818	0.988	0.987	1	0:00:15.478126
1880	1	1	1.01	97947	0.979	0.978	1	0:00:15.655331
1900	8	8	1.67	99976	1.0	1.0	1	0:00:16.364190
1920	2	2	1.01	98014	0.98	0.979	1	0:00:16.419471
1940	5	-1	0.0	48585	0.486	0.481	0	0:00:16.388558
1960	2	5	0.33	74970	0.75	0.745	0	0:00:15.555713
1980	9	9	1.58	99949	0.999	0.999	1	0:00:15.563600
2000	1	1	0.109	59118	0.591	0.586	1	0:00:15.470347
2020	9	9	1.41	99805	0.998	0.998	1	0:00:15.458660
2040	0	0	0.656	90799	0.908	0.905	1	0:00:15.438389
2060	5	3	0.608	89092	0.891	0.888	0	0:00:15.363211
2080	1	1	0.271	71023	0.71	0.706	1	0:00:15.478982
2100	2	2	0.605	88982	0.89	0.887	1	0:00:15.844226
2120	4	8	0.387	78445	0.784	0.78	0	0:00:16.386894
2140	9	9	1.22	99362	0.994	0.993	1	0:00:16.416770
2160	0	0	0.334	75239	0.752	0.748	1	0:00:16.387183
2180	4	4	0.783	94356	0.944	0.941	1	0:00:15.437201
2200	0	-1	0.0	47378	0.474	0.469	0	0:00:15.461885
2220	1	1	1.65	99972	1.0	1.0	1	0:00:15.249876
2240	9	9	0.0245	52445	0.524	0.52	1	0:00:15.580743
2260	4	4	0.833	95419	0.954	0.952	1	0:00:15.538929
2280	4	-1	0.0	25549	0.255	0.251	0	0:00:15.448730
2300	3	-1	0.0	38885	0.389	0.384	0	0:00:15.433459
2320	5	2	0.678	91518	0.915	0.912	0	0:00:15.982654
2340	7	7	1.72	99986	1.0	1.0	1	0:00:16.382512
2360	7	7	0.143	61724	0.617	0.612	1	0:00:16.449627
2380	8	8	0.989	97749	0.977	0.976	1	0:00:16.391677
2400	0	0	0.822	95195	0.952	0.95	1	0:00:15.689686
2420	8	-1	0.0	32261	0.323	0.318	0	0:00:15.504826
2440	7	7	0.627	89801	0.898	0.895	1	0:00:15.553109
2460	9	-1	0.0	40916	0.409	0.404	0	0:00:15.440480
2480	8	8	1.19	99215	0.992	0.991	1	0:00:15.569262
2500	4	4	0.0627	55479	0.555	0.55	1	0:00:15.550383
2520	1	1	0.6	88822	0.888	0.885	1	0:00:15.517957
2540	2	-1	0.0	45812	0.458	0.453	0	0:00:15.464487
2560	7	7	0.365	77116	0.771	0.767	1	0:00:16.306457
2580	6	6	0.000663	50542	0.505	0.501	1	0:00:16.393631
2600	8	8	1.43	99834	0.998	0.998	1	0:00:16.442665
2620	1	1	0.44	81431	0.814	0.81	1	0:00:16.278577
2640	7	7	1.16	99086	0.991	0.99	1	0:00:15.526084
2660	3	5	0.0521	54634	0.546	0.541	0	0:00:15.300674
2680	0	0	1.87	99999	1.0	1.0	1	0:00:15.317927
2700	9	9	0.445	81700	0.817	0.813	1	0:00:14.209943
2720	3	3	0.57	87629	0.876	0.873	1	0:00:15.420318
2740	1	1	0.856	95856	0.959	0.957	1	0:00:16.096960
2760	2	2	0.642	90325	0.903	0.9	1	0:00:16.387939
2780	7	7	1.58	99946	0.999	0.999	1	0:00:16.414302
2800	4	4	0.104	58735	0.587	0.583	1	0:00:16.381173
2820	6	6	1.23	99379	0.994	0.993	1	0:00:15.510316
2840	3	3	1.91	100000	1.0	1.0	1	0:00:15.257091
2860	5	-1	0.0	34509	0.345	0.34	0	0:00:15.547253
2880	4	4	1.41	99803	0.998	0.998	1	0:00:15.237520
2900	3	5	0.0427	53889	0.539	0.534	0	0:00:15.394124
2920	2	3	0.453	82148	0.821	0.818	0	0:00:15.453253
2940	3	0	0.791	94542	0.945	0.943	0	0:00:15.461383
2960	9	9	0.478	83405	0.834	0.83	1	0:00:16.247990
2980	8	8	0.562	87284	0.873	0.87	1	0:00:16.388491
3000	5	5	1.44	99848	0.998	0.998	1	0:00:16.472379
3020	1	1	0.953	97328	0.973	0.972	1	0:00:16.094254
3040	7	7	1.91	100000	1.0	1.0	1	0:00:15.262145
3060	7	7	0.886	96368	0.964	0.962	1	0:00:15.434105
3080	1	1	0.355	76523	0.765	0.761	1	0:00:15.350138
3100	0	0	0.985	97711	0.977	0.976	1	0:00:15.367350
3120	4	-1	0.0	47004	0.47	0.465	0	0:00:15.491581
3140	8	8	0.73	93027	0.93	0.928	1	0:00:15.432159
3160	6	2	0.213	66923	0.669	0.665	0	0:00:15.684147
3180	3	3	0.261	70348	0.703	0.699	1	0:00:16.381524
3200	5	7	0.0841	57163	0.572	0.567	0	0:00:16.406489
3220	3	-1	0.0	49729	0.497	0.492	0	0:00:16.408105
3240	4	-1	0.0	35618	0.356	0.352	0	0:00:16.107424
3260	7	7	1.04	98215	0.982	0.981	1	0:00:15.334574
3280	3	5	0.4	79197	0.792	0.788	0	0:00:15.444637
3300	4	4	0.304	73303	0.733	0.729	1	0:00:15.495103
3320	2	7	1.1	98708	0.987	0.986	0	0:00:15.508380
3340	6	6	0.474	83211	0.832	0.828	1	0:00:15.502594
3360	4	4	0.15	62252	0.623	0.618	1	0:00:15.663986
3380	8	8	1.19	99233	0.992	0.991	1	0:00:15.581926
3400	6	4	0.499	84466	0.845	0.841	0	0:00:16.035996
3420	5	3	0.148	62148	0.621	0.617	0	0:00:16.421531
3440	2	3	0.441	81511	0.815	0.811	0	0:00:16.433881
3460	1	1	0.736	93186	0.932	0.929	1	0:00:16.413883
3480	2	2	1.8	99995	1.0	1.0	1	0:00:15.653679
3500	1	1	0.408	79688	0.797	0.793	1	0:00:15.619343
3520	1	1	1.46	99869	0.999	0.998	1	0:00:15.468670
3540	6	6	0.822	95208	0.952	0.95	1	0:00:15.554323
3560	1	-1	0.0	45366	0.454	0.449	0	0:00:15.485222
3580	4	4	0.1	58406	0.584	0.579	1	0:00:15.476630
3600	4	2	0.946	97234	0.972	0.971	0	0:00:15.445742
3620	0	-1	0.0	42353	0.424	0.419	0	0:00:15.619871
3640	6	2	0.473	83147	0.831	0.828	0	0:00:16.408985
3660	0	0	0.724	92871	0.929	0.926	1	0:00:16.385015
3680	0	-1	0.0	32004	0.32	0.315	0	0:00:16.374852
3700	3	3	0.646	90464	0.905	0.902	1	0:00:15.919559
3720	2	2	1.35	99717	0.997	0.997	1	0:00:15.286011
3740	0	0	0.916	96833	0.968	0.967	1	0:00:15.547880
3760	7	7	1.26	99487	0.995	0.994	1	0:00:15.509586
3780	4	4	0.214	67059	0.671	0.666	1	0:00:15.473006
3800	9	9	0.578	87948	0.879	0.876	1	0:00:14.184378
3820	0	0	0.00625	50988	0.51	0.505	1	0:00:16.272777
3840	6	3	0.436	81222	0.812	0.808	0	0:00:16.386476
3860	7	7	1.91	100000	1.0	1.0	1	0:00:16.438274
3880	6	-1	0.0	45164	0.452	0.447	0	0:00:16.252002
3900	3	6	0.539	86285	0.863	0.859	0	0:00:15.339251
3920	7	-1	0.0	26275	0.263	0.258	0	0:00:15.350240
3940	6	-1	0.0	30201	0.302	0.298	0	0:00:15.450847
3960	2	2	1.11	98792	0.988	0.987	1	0:00:15.311135
3980	9	9	0.248	69478	0.695	0.69	1	0:00:15.385973
4000	8	0	0.00392	50802	0.508	0.503	0	0:00:15.527517
4020	8	8	0.394	78862	0.789	0.785	1	0:00:15.484272
4040	0	0	1.91	100000	1.0	1.0	1	0:00:16.390947
4060	6	6	0.226	67877	0.679	0.674	1	0:00:16.402957
4080	1	1	0.828	95331	0.953	0.951	1	0:00:16.431997
4100	7	7	1.91	100000	1.0	1.0	1	0:00:16.074389
4120	4	4	0.777	94229	0.942	0.94	1	0:00:15.269361
4140	5	5	0.786	94432	0.944	0.942	1	0:00:15.462352
4160	5	-1	0.0	46644	0.466	0.462	0	0:00:15.456359
4180	0	0	0.0821	57007	0.57	0.565	1	0:00:15.587632
4200	4	2	0.0149	51678	0.517	0.512	0	0:00:15.516991
4220	4	0	1.1	98750	0.988	0.986	0	0:00:15.643215
4240	7	0	0.371	77527	0.775	0.771	0	0:00:15.597347
4260	8	8	1.21	99294	0.993	0.992	1	0:00:15.906987
4280	8	-1	0.0	45495	0.455	0.45	0	0:00:16.399300
4300	8	8	1.03	98152	0.982	0.98	1	0:00:16.401111
4320	1	-1	0.0	47996	0.48	0.475	0	0:00:16.458818
4340	0	0	0.915	96811	0.968	0.966	1	0:00:16.220868
4360	6	9	0.0659	55732	0.557	0.552	0	0:00:15.466583
4380	9	9	0.513	85096	0.851	0.847	1	0:00:15.608554
4400	3	-1	0.0	35913	0.359	0.354	0	0:00:15.485682
4420	5	5	0.284	71963	0.72	0.715	1	0:00:15.365070
4440	2	2	0.353	76416	0.764	0.76	1	0:00:15.506653
4460	9	9	0.361	76919	0.769	0.765	1	0:00:15.578264
4480	9	9	1.4	99790	0.998	0.997	1	0:00:15.464370
4500	3	5	0.399	79176	0.792	0.788	0	0:00:15.883459
4520	3	6	0.251	69666	0.697	0.692	0	0:00:16.412482
4540	9	9	1.51	99906	0.999	0.999	1	0:00:16.418398
4560	1	1	1.1	98739	0.987	0.986	1	0:00:16.462494
4580	6	-1	0.0	42223	0.422	0.417	0	0:00:15.933300
4600	4	7	0.111	59263	0.593	0.588	0	0:00:15.349092
4620	7	3	0.215	67094	0.671	0.666	0	0:00:15.510926
4640	2	2	0.301	73053	0.731	0.726	1	0:00:15.310320
4660	7	7	0.13	60720	0.607	0.602	1	0:00:15.333367
4680	9	9	0.0214	52192	0.522	0.517	1	0:00:15.614600
4700	6	-1	0.0	42144	0.421	0.417	0	0:00:15.550148
4720	8	8	0.167	63518	0.635	0.63	1	0:00:15.452252
4740	5	3	0.612	89274	0.893	0.89	0	0:00:16.431088
4760	3	-1	0.0	43058	0.431	0.426	0	0:00:16.416254
4780	0	0	0.788	94472	0.945	0.942	1	0:00:16.479070
4800	9	9	1.91	100000	1.0	1.0	1	0:00:16.222976
4820	3	3	0.952	97322	0.973	0.972	1	0:00:15.413499
4840	0	0	1.75	99990	1.0	1.0	1	0:00:15.471943
4860	5	5	0.843	95618	0.956	0.954	1	0:00:15.553156
4880	0	-1	0.0	28727	0.287	0.283	0	0:00:15.369029
4900	3	-1	0.0	48524	0.485	0.48	0	0:00:14.052841
4920	7	7	1.42	99820	0.998	0.998	1	0:00:16.081593
4940	6	6	0.163	63229	0.632	0.628	1	0:00:16.381312
4960	4	3	0.0922	57799	0.578	0.573	0	0:00:16.428744
4980	1	9	0.551	86799	0.868	0.865	0	0:00:16.380977
5000	7	7	1.91	100000	1.0	1.0	1	0:00:15.455526
5020	8	8	1.35	99705	0.997	0.996	1	0:00:15.647435
5040	3	3	0.0372	53453	0.535	0.53	1	0:00:15.419621
5060	6	6	0.199	65940	0.659	0.655	1	0:00:15.400120
5080	7	7	1.37	99742	0.997	0.997	1	0:00:15.598832
5100	3	3	1.34	99700	0.997	0.996	1	0:00:15.628033
5120	9	9	0.479	83441	0.834	0.831	1	0:00:15.390109
5140	8	8	0.873	96159	0.962	0.96	1	0:00:15.605811
5160	0	0	0.563	87328	0.873	0.87	1	0:00:16.406810
5180	9	-1	0.0	49093	0.491	0.486	0	0:00:16.398055
5200	3	3	1.33	99679	0.997	0.996	1	0:00:16.471546
5220	0	0	0.665	91113	0.911	0.908	1	0:00:16.033511
5240	1	-1	0.0	50119	0.501	0.496	0	0:00:15.456759
5260	0	0	1.68	99980	1.0	1.0	1	0:00:15.432616
5280	0	-1	0.0	47695	0.477	0.472	0	0:00:15.436967
5300	9	9	0.603	88920	0.889	0.886	1	0:00:15.589623
5320	7	7	0.94	97159	0.972	0.97	1	0:00:15.613943
5340	3	4	1.02	98054	0.981	0.979	0	0:00:15.508610
5360	9	9	1.12	98822	0.988	0.987	1	0:00:15.300255
5380	1	9	0.458	82389	0.824	0.82	0	0:00:16.214777
5400	9	9	0.958	97397	0.974	0.972	1	0:00:16.383326
5420	6	6	0.673	91378	0.914	0.911	1	0:00:16.446755
5440	9	9	1.91	100000	1.0	1.0	1	0:00:16.375258
5460	0	0	1.77	99993	1.0	1.0	1	0:00:15.718967
5480	1	1	0.591	88455	0.885	0.881	1	0:00:15.603405
5500	8	8	0.476	83299	0.833	0.829	1	0:00:15.605244
5520	4	-1	0.0	48358	0.484	0.479	0	0:00:15.384585
5540	5	-1	0.0	34767	0.348	0.343	0	0:00:15.474769
5560	3	-1	0.0	49275	0.493	0.488	0	0:00:15.234634
5580	5	3	0.122	60132	0.601	0.597	0	0:00:15.326773
5600	6	-1	0.0	31047	0.31	0.306	0	0:00:15.823081
5620	3	4	0.0985	58290	0.583	0.578	0	0:00:16.379446
5640	2	2	0.489	83977	0.84	0.836	1	0:00:16.419069
5660	9	9	0.347	76024	0.76	0.756	1	0:00:16.383573
5680	2	3	0.414	80025	0.8	0.796	0	0:00:15.940660
5700	3	-1	0.0	46482	0.465	0.46	0	0:00:15.329253
5720	9	9	1.5	99901	0.999	0.999	1	0:00:15.304061
5740	6	6	0.372	77568	0.776	0.772	1	0:00:15.533911
5760	2	2	0.237	68651	0.687	0.682	1	0:00:15.638022
5780	7	7	1.81	99996	1.0	1.0	1	0:00:15.485623
5800	2	2	0.184	64850	0.648	0.644	1	0:00:15.296200
5820	5	5	0.265	70607	0.706	0.702	1	0:00:15.839591
5840	2	2	0.454	82161	0.822	0.818	1	0:00:16.432792
5860	0	0	0.14	61491	0.615	0.61	1	0:00:16.421137
5880	0	0	1.21	99305	0.993	0.992	1	0:00:16.427890
5900	4	-1	0.0	39535	0.395	0.391	0	0:00:16.067646
5920	8	8	1.91	100000	1.0	1.0	1	0:00:15.469540
5940	7	4	0.144	61771	0.618	0.613	0	0:00:15.326849
5960	2	6	0.153	62509	0.625	0.62	0	0:00:15.373029
5980	9	9	1.69	99982	1.0	1.0	1	0:00:15.481359
6000	8	8	0.114	59532	0.595	0.591	1	0:00:14.091073
6020	6	6	0.73	93026	0.93	0.928	1	0:00:16.420976
6040	2	5	0.000538	50532	0.505	0.5	0	0:00:16.389574
6060	3	3	0.019	52008	0.52	0.515	1	0:00:16.385793
6080	1	1	0.625	89738	0.897	0.894	1	0:00:15.954627
6100	1	1	1.15	99043	0.99	0.989	1	0:00:15.331506
6120	5	5	0.735	93184	0.932	0.929	1	0:00:15.417803
6140	9	9	1.05	98349	0.983	0.982	1	0:00:15.515551
6160	2	2	0.254	69869	0.699	0.694	1	0:00:15.219565
6180	0	0	0.638	90191	0.902	0.899	1	0:00:15.387520
6200	3	3	0.488	83910	0.839	0.835	1	0:00:15.396072
6220	2	5	0.18	64558	0.646	0.641	0	0:00:15.958380
6240	2	2	0.0778	56667	0.567	0.562	1	0:00:16.361591
6260	2	-1	0.0	35327	0.353	0.349	0	0:00:16.447861
6280	8	-1	0.0	46400	0.464	0.459	0	0:00:16.393145
6300	1	1	0.486	83796	0.838	0.834	1	0:00:15.504952
6320	0	0	0.586	88271	0.883	0.88	1	0:00:15.475361
6340	3	3	0.821	95187	0.952	0.95	1	0:00:15.411118
6360	2	2	0.192	65406	0.654	0.649	1	0:00:15.483528
6380	3	-1	0.0	49741	0.497	0.493	0	0:00:15.653167
6400	0	-1	0.0	38636	0.386	0.382	0	0:00:15.554155
6420	7	7	1.67	99977	1.0	1.0	1	0:00:15.501955
6440	3	-1	0.0	29255	0.293	0.288	0	0:00:15.659752
6460	3	3	0.291	72417	0.724	0.72	1	0:00:16.387203
6480	0	0	0.652	90671	0.907	0.904	1	0:00:16.403527
6500	7	-1	0.0	32274	0.323	0.318	0	0:00:16.414925
6520	6	-1	0.0	39462	0.395	0.39	0	0:00:15.854522
6540	8	8	0.849	95720	0.957	0.955	1	0:00:15.562190
6560	6	6	0.469	82958	0.83	0.826	1	0:00:15.501235
6580	1	1	0.129	60623	0.606	0.601	1	0:00:15.409705
6600	7	7	1.67	99976	1.0	1.0	1	0:00:15.496855
6620	7	7	1.2	99272	0.993	0.992	1	0:00:15.401063
6640	5	3	0.82	95168	0.952	0.95	0	0:00:15.501131
6660	0	0	1.04	98247	0.982	0.981	1	0:00:15.672745
6680	3	3	0.323	74486	0.745	0.741	1	0:00:16.325118
6700	6	6	0.217	67280	0.673	0.668	1	0:00:16.396476
6720	2	2	0.431	80979	0.81	0.806	1	0:00:16.389061
6740	2	2	0.348	76114	0.761	0.757	1	0:00:15.771877
6760	5	5	1.06	98415	0.984	0.983	1	0:00:15.406681
6780	7	7	1.53	99921	0.999	0.999	1	0:00:15.450704
6800	6	-1	0.0	47348	0.473	0.469	0	0:00:15.419102
6820	1	1	1.68	99979	1.0	1.0	1	0:00:15.411822
6840	9	9	0.672	91325	0.913	0.91	1	0:00:15.496486
6860	0	0	0.336	75334	0.753	0.749	1	0:00:15.482237
6880	2	2	0.561	87230	0.872	0.869	1	0:00:15.730394
6900	3	-1	0.0	39726	0.397	0.392	0	0:00:16.401398
6920	5	-1	0.0	45480	0.455	0.45	0	0:00:16.412456
6940	1	1	1.87	99999	1.0	1.0	1	0:00:16.471774
6960	9	9	0.0655	55694	0.557	0.552	1	0:00:16.117780
6980	0	-1	0.0	43778	0.438	0.433	0	0:00:15.407852
7000	2	0	0.123	60192	0.602	0.597	0	0:00:15.680977
7020	7	7	1.45	99858	0.999	0.998	1	0:00:15.329398
7040	7	-1	0.0	37779	0.378	0.373	0	0:00:15.521541
7060	8	8	0.65	90623	0.906	0.903	1	0:00:15.416201
7080	5	4	0.403	79379	0.794	0.79	0	0:00:15.418242
7100	9	-1	0.0	47682	0.477	0.472	0	0:00:15.649472
7120	7	5	0.236	68588	0.686	0.681	0	0:00:16.457864
7140	4	-1	0.0	40455	0.405	0.4	0	0:00:16.235094
7160	5	5	0.961	97425	0.974	0.973	1	0:00:15.381215
7180	6	6	0.736	93186	0.932	0.929	1	0:00:15.477170
7200	4	-1	0.0	37097	0.371	0.366	0	0:00:15.569571
7220	9	9	1.04	98252	0.983	0.981	1	0:00:15.635288
7240	0	0	0.0952	58031	0.58	0.575	1	0:00:15.517583
7260	1	1	0.477	83340	0.833	0.83	1	0:00:15.369082
7280	1	9	0.382	78151	0.782	0.777	0	0:00:15.475999
7300	3	4	0.444	81675	0.817	0.813	0	0:00:15.877337
7320	8	8	0.42	80330	0.803	0.799	1	0:00:16.384962
7340	2	4	0.143	61766	0.618	0.613	0	0:00:16.395723
7360	2	-1	0.0	34265	0.343	0.338	0	0:00:16.387309
7380	7	7	0.909	96731	0.967	0.966	1	0:00:15.778795
7400	3	3	0.655	90779	0.908	0.905	1	0:00:15.503759
7420	3	4	0.116	59670	0.597	0.592	0	0:00:15.307842
7440	3	3	0.578	87955	0.88	0.876	1	0:00:15.415834
7460	5	5	1.14	98995	0.99	0.989	1	0:00:15.470969
7480	1	8	0.612	89262	0.893	0.89	0	0:00:15.615487
7500	6	6	1.91	100000	1.0	1.0	1	0:00:15.634183
7520	4	4	0.202	66120	0.661	0.657	1	0:00:15.683146
7540	5	5	1.39	99771	0.998	0.997	1	0:00:16.168668
7560	0	0	0.487	83869	0.839	0.835	1	0:00:16.390152
7580	8	8	1.11	98761	0.988	0.986	1	0:00:16.433987
7600	8	9	0.295	72709	0.727	0.723	0	0:00:16.389822
7620	5	3	0.206	66459	0.665	0.66	0	0:00:15.480329
7640	9	9	0.061	55344	0.553	0.549	1	0:00:15.300236
7660	7	-1	0.0	36526	0.365	0.361	0	0:00:15.253014
7680	3	-1	0.0	38907	0.389	0.384	0	0:00:15.531442
7700	6	6	1.2	99274	0.993	0.992	1	0:00:15.458652
7720	5	-1	0.0	34777	0.348	0.343	0	0:00:15.415731
7740	4	4	0.24	68926	0.689	0.685	1	0:00:15.341065
7760	2	9	0.239	68796	0.688	0.683	0	0:00:16.353369
7780	3	-1	0.0	36090	0.361	0.356	0	0:00:16.378194
7800	0	0	0.959	97400	0.974	0.972	1	0:00:16.459130
7820	5	5	0.286	72066	0.721	0.716	1	0:00:16.156831
7840	1	1	1.51	99907	0.999	0.999	1	0:00:15.444119
7860	8	8	0.381	78083	0.781	0.777	1	0:00:15.186630
7880	0	0	0.23	68182	0.682	0.677	1	0:00:15.409640
7900	0	8	0.0963	58123	0.581	0.576	0	0:00:15.462439
7920	9	9	0.379	78005	0.78	0.776	1	0:00:15.356594
7940	2	-1	0.0	37938	0.379	0.375	0	0:00:15.348962
7960	0	0	0.457	82324	0.823	0.819	1	0:00:15.668326
7980	3	3	0.337	75402	0.754	0.75	1	0:00:16.380137
8000	9	9	0.976	97611	0.976	0.975	1	0:00:16.413903
8020	6	3	0.615	89383	0.894	0.891	0	0:00:16.380901
8040	2	2	1.08	98562	0.986	0.984	1	0:00:15.550408
8060	6	6	0.735	93171	0.932	0.929	1	0:00:15.287382
8080	4	-1	0.0	48685	0.487	0.482	0	0:00:15.285130
8100	6	-1	0.0	42941	0.429	0.425	0	0:00:15.389277
8120	8	9	0.669	91239	0.912	0.91	0	0:00:15.345024
8140	5	-1	0.0	36959	0.37	0.365	0	0:00:15.144223
8160	6	6	1.09	98680	0.987	0.986	1	0:00:15.697587
8180	4	4	0.178	64356	0.644	0.639	1	0:00:16.388574
8200	3	4	0.352	76347	0.763	0.759	0	0:00:16.399138
8220	6	-1	0.0	35539	0.355	0.351	0	0:00:15.110237
8240	7	7	1.67	99977	1.0	1.0	1	0:00:15.645315
8260	1	1	1.87	99999	1.0	1.0	1	0:00:15.565895
8280	4	5	0.116	59627	0.596	0.591	0	0:00:15.484516
8300	5	-1	0.0	42219	0.422	0.417	0	0:00:15.411831
8320	7	-1	0.0	49426	0.494	0.489	0	0:00:15.301536
8340	5	3	0.453	82129	0.821	0.818	0	0:00:15.668532
8360	7	7	1.52	99913	0.999	0.999	1	0:00:16.383779
8380	9	9	1.14	98990	0.99	0.989	1	0:00:16.413796
8400	0	-1	0.0	47489	0.475	0.47	0	0:00:16.389837
8420	3	6	0.533	86008	0.86	0.857	0	0:00:15.747186
8440	5	5	0.0794	56791	0.568	0.563	1	0:00:15.445001
8460	8	8	1.26	99477	0.995	0.994	1	0:00:15.614128
8480	2	2	0.474	83223	0.832	0.829	1	0:00:15.442860
8500	4	4	0.717	92674	0.927	0.924	1	0:00:15.299037
8520	8	8	0.296	72777	0.728	0.723	1	0:00:15.400784
8540	4	-1	0.0	45329	0.453	0.448	0	0:00:15.301577
8560	7	7	1.04	98245	0.982	0.981	1	0:00:15.949861
8580	3	-1	0.0	49260	0.493	0.488	0	0:00:16.415635
8600	3	3	0.37	77453	0.775	0.77	1	0:00:16.458152
8620	3	-1	0.0	41266	0.413	0.408	0	0:00:16.370939
8640	1	1	1.0	97906	0.979	0.978	1	0:00:15.532726
8660	7	7	1.17	99127	0.991	0.99	1	0:00:15.439396
8680	3	-1	0.0	31342	0.313	0.309	0	0:00:15.253689
8700	3	3	0.516	85228	0.852	0.849	1	0:00:15.354891
8720	2	0	1.26	99475	0.995	0.994	0	0:00:15.350605
8740	2	2	0.304	73253	0.733	0.728	1	0:00:15.450900
8760	8	8	1.48	99885	0.999	0.998	1	0:00:15.510494
8780	4	4	0.355	76529	0.765	0.761	1	0:00:16.338679
8800	0	0	1.38	99758	0.998	0.997	1	0:00:16.417381
8820	2	2	1.83	99997	1.0	1.0	1	0:00:16.408363
8840	2	-1	0.0	35706	0.357	0.352	0	0:00:15.889841
8860	2	2	0.972	97561	0.976	0.974	1	0:00:15.395475
8880	1	1	0.93	97023	0.97	0.969	1	0:00:15.444777
8900	2	4	0.242	69034	0.69	0.686	0	0:00:15.510114
8920	6	6	0.896	96521	0.965	0.963	1	0:00:15.370959
8940	6	3	0.654	90744	0.907	0.905	0	0:00:15.619673
8960	0	0	0.908	96711	0.967	0.965	1	0:00:15.561861
8980	9	9	1.81	99996	1.0	1.0	1	0:00:15.666029
9000	8	8	1.91	100000	1.0	1.0	1	0:00:16.176755
9020	7	7	0.77	94052	0.941	0.938	1	0:00:16.396384
9040	2	5	0.217	67229	0.672	0.668	0	0:00:16.426529
9060	9	9	0.839	95537	0.955	0.953	1	0:00:16.395107
9080	3	3	0.18	64560	0.646	0.641	1	0:00:15.598027
9100	9	1	0.124	60257	0.603	0.598	0	0:00:15.527893
9120	3	-1	0.0	41848	0.418	0.414	0	0:00:15.440396
9140	7	7	0.0348	53264	0.533	0.528	1	0:00:15.261007
9160	5	3	0.452	82065	0.821	0.817	0	0:00:15.600028
9180	5	5	1.5	99901	0.999	0.999	1	0:00:15.458066
9200	8	8	1.4	99791	0.998	0.997	1	0:00:15.288687
9220	8	8	1.63	99967	1.0	0.999	1	0:00:15.977385
9240	8	8	0.748	93513	0.935	0.933	1	0:00:16.402683
9260	5	5	0.602	88894	0.889	0.886	1	0:00:16.414030
9280	9	-1	0.0	43928	0.439	0.434	0	0:00:16.395026
9300	5	-1	0.0	33982	0.34	0.335	0	0:00:15.625730
9320	9	9	1.14	98960	0.99	0.989	1	0:00:13.776552
9340	1	1	1.87	99999	1.0	1.0	1	0:00:15.462683
9360	5	0	0.00591	50961	0.51	0.505	0	0:00:15.240816
9380	5	3	0.606	89041	0.89	0.887	0	0:00:15.300666
9400	6	6	0.71	92468	0.925	0.922	1	0:00:16.341106
9420	5	5	1.13	98895	0.989	0.988	1	0:00:16.419304
9440	8	8	1.52	99915	0.999	0.999	1	0:00:16.402418
9460	3	7	0.516	85251	0.853	0.849	0	0:00:15.819693
9480	2	2	0.0222	52262	0.523	0.518	1	0:00:15.537439
9500	9	9	0.656	90824	0.908	0.905	1	0:00:15.405267
9520	1	1	0.871	96116	0.961	0.959	1	0:00:15.217129
9540	5	5	0.204	66278	0.663	0.658	1	0:00:15.398606
9560	9	7	0.356	76574	0.766	0.762	0	0:00:15.448957
9580	1	1	0.689	91863	0.919	0.916	1	0:00:15.472181
9600	8	8	0.607	89067	0.891	0.888	1	0:00:15.890564
9620	4	4	0.433	81077	0.811	0.807	1	0:00:16.401119
9640	5	-1	0.0	32805	0.328	0.323	0	0:00:16.435766
9660	6	6	1.74	99989	1.0	1.0	1	0:00:16.394694
9680	8	8	1.52	99916	0.999	0.999	1	0:00:15.525617
9700	0	0	1.09	98640	0.986	0.985	1	0:00:15.418734
9720	8	1	0.0219	52232	0.522	0.517	0	0:00:15.421764
9740	3	6	0.316	74047	0.74	0.736	0	0:00:15.434827
9760	9	-1	0.0	40993	0.41	0.405	0	0:00:15.541457
9780	4	6	0.0352	53292	0.533	0.528	0	0:00:15.357276
9800	1	1	1.91	100000	1.0	1.0	1	0:00:15.393821
9820	0	8	0.334	75228	0.752	0.748	0	0:00:16.063293
9840	4	-1	0.0	47267	0.473	0.468	0	0:00:16.391671
9860	0	5	0.161	63098	0.631	0.626	0	0:00:16.450117
9880	7	7	0.209	66654	0.667	0.662	1	0:00:16.390054
9900	8	8	0.564	87365	0.874	0.87	1	0:00:15.683973
9920	6	6	0.808	94921	0.949	0.947	1	0:00:15.490853
9940	4	5	0.257	70064	0.701	0.696	0	0:00:15.521656
9960	2	0	1.33	99671	0.997	0.996	0	0:00:15.434921
9980	0	0	1.68	99980	1.0	1.0	1	0:00:15.349750
